,date,open,high,low,close,volume,quote_volume
0,2025-01-22 17:05:00,105046.4,105068.9,105023.6,105023.6,50.93,5350022.6119
1,2025-01-22 17:06:00,105023.6,105023.7,104938.9,104961.5,103.125,10825418.7611
2,2025-01-22 17:07:00,104984.3,105020.2,104967.6,104980.8,29.141,3059664.5599
3,2025-01-22 17:08:00,104998.3,104998.4,104963.9,104964.0,22.529,2365036.2154
4,2025-01-22 17:09:00,104969.1,104969.1,104944.7,104966.0,22.273,2337766.329
5,2025-01-22 17:10:00,104965.9,105020.0,104958.6,104992.6,82.338,8644312.7588
6,2025-01-22 17:11:00,104992.6,105050.0,104992.5,105037.3,39.716,4170987.2427
7,2025-01-22 17:12:00,105030.6,105063.4,105018.0,105018.1,33.427,3511329.8192
8,2025-01-22 17:13:00,104994.2,105017.9,104992.6,105000.7,26.633,2796453.0472
9,2025-01-22 17:14:00,104980.0,104980.0,104882.0,104976.3,115.691,12138687.243
10,2025-01-22 17:15:00,104976.3,104976.3,104938.8,104974.4,43.828,4600123.7682
11,2025-01-22 17:17:00,104957.0,104976.3,104957.0,104976.3,1.454,152613.673
12,2025-01-22 17:18:00,104969.2,104974.3,104969.1,104974.3,0.601,63086.5373
13,2025-01-22 17:19:00,104948.8,104948.8,104913.4,104913.4,3.996,419319.2946
14,2025-01-22 17:20:00,104957.9,104958.0,104957.9,104958.0,0.855,89739.0311
15,2025-01-22 17:21:00,105038.3,105038.3,105038.1,105038.2,20.267,2128809.6479
16,2025-01-22 17:22:00,105075.0,105100.1,105075.0,105094.8,30.795,3236227.1052
17,2025-01-22 17:23:00,105100.4,105100.5,105090.9,105091.0,9.191,965938.161
18,2025-01-22 17:24:00,105070.2,105070.3,105050.0,105050.0,13.046,1370621.6644
19,2025-01-22 17:25:00,105044.2,105047.4,105044.2,105047.3,11.34,1191205.0868
20,2025-01-22 17:26:00,105047.8,105047.9,104976.3,104976.3,19.717,2070648.6111
21,2025-01-22 17:27:00,104987.0,104987.1,104976.3,104976.4,7.286,764863.597
22,2025-01-22 17:28:00,104999.0,104999.0,104968.5,104968.6,6.072,637498.658
23,2025-01-22 17:29:00,104998.9,105015.3,104998.8,104998.8,11.313,1187925.3842
24,2025-01-22 17:30:00,104991.7,104996.0,104988.6,104990.1,4.73,496609.6901
25,2025-01-22 17:31:00,104971.0,105032.1,104971.0,105026.6,24.916,2616214.4091
26,2025-01-22 17:32:00,105037.3,105046.0,105023.4,105023.5,20.409,2143646.2463
27,2025-01-22 17:33:00,105000.0,105003.6,104990.2,104995.4,13.768,1445644.5408
28,2025-01-22 17:34:00,105036.1,105047.0,104991.3,105015.8,30.987,3254346.343
29,2025-01-22 17:35:00,105001.3,105001.4,104923.7,104938.4,50.686,5319988.2425
30,2025-01-22 17:36:00,104943.0,105041.8,104942.9,105041.8,31.311,3286932.0763
31,2025-01-22 17:37:00,105010.3,105010.3,104991.6,104991.6,8.504,892943.7204
32,2025-01-22 17:38:00,104984.9,105010.3,104959.7,105010.3,26.162,2746726.127
33,2025-01-22 17:39:00,105010.2,105031.1,105005.9,105005.9,25.457,2673431.1206
34,2025-01-22 17:40:00,104979.7,104991.5,104963.8,104982.8,42.83,4496242.2541
35,2025-01-22 17:41:00,104991.5,105182.9,104991.4,105156.7,76.014,7990600.2638
36,2025-01-22 17:42:00,105110.9,105137.8,105092.9,105092.9,30.433,3198984.0273
37,2025-01-22 17:43:00,105088.1,105131.9,105088.0,105125.3,23.829,2504539.8779
38,2025-01-22 17:44:00,105125.3,105153.0,105120.0,105153.0,39.879,4192584.2597
39,2025-01-22 17:45:00,105168.3,105173.4,105114.6,105114.7,61.132,6427382.0338
40,2025-01-22 17:46:00,105114.6,105130.3,105047.3,105076.9,43.475,4568750.179
41,2025-01-22 17:47:00,105088.4,105110.9,105047.3,105055.9,57.75,6067832.3115
42,2025-01-22 17:48:00,105047.9,105047.9,105029.5,105045.4,28.055,2946797.0454
43,2025-01-22 17:50:00,105066.9,105066.9,105052.6,105052.6,1.979,207916.6836
44,2025-01-22 17:51:00,105060.4,105060.4,105014.8,105014.8,4.727,496499.6736
45,2025-01-22 17:52:00,104936.5,104936.5,104936.4,104936.5,1.001,105041.3696
46,2025-01-22 17:53:00,104979.5,104979.5,104979.4,104979.4,0.516,54169.4061
47,2025-01-22 17:54:00,104965.5,104965.5,104961.1,104961.2,2.491,261465.3783
48,2025-01-22 17:55:00,104987.3,104987.4,104984.1,104987.4,10.184,1069186.5001
49,2025-01-22 17:56:00,104923.0,104956.9,104923.0,104956.8,26.519,2782808.4763
50,2025-01-22 17:57:00,104984.9,104984.9,104978.0,104978.1,3.915,411000.4404
51,2025-01-22 17:58:00,104944.6,104967.4,104937.6,104959.4,10.742,1127359.6315
52,2025-01-22 17:59:00,104948.1,104958.1,104948.1,104948.1,18.056,1894993.3844
53,2025-01-22 18:00:00,104972.2,104990.2,104956.9,104963.6,27.333,2869404.8358
54,2025-01-22 18:01:00,104900.0,104900.1,104882.0,104882.0,18.975,1990369.8206
55,2025-01-22 18:02:00,104809.3,104834.0,104809.2,104812.9,21.611,2265386.4613
56,2025-01-22 18:03:00,104863.8,104863.9,104813.0,104813.0,70.461,7387464.2983
57,2025-01-22 18:04:00,104813.4,104828.7,104739.2,104754.4,141.896,14869424.5494
58,2025-01-22 18:05:00,104742.8,104764.5,104719.3,104764.5,45.726,4789332.9338
59,2025-01-22 18:06:00,104659.0,104763.2,104658.9,104763.2,41.686,4365453.7436
60,2025-01-22 18:07:00,104819.9,104820.0,104761.0,104761.0,54.796,5742071.9704
61,2025-01-22 18:08:00,104761.2,104801.3,104761.2,104780.5,30.56,3202078.5998
62,2025-01-22 18:09:00,104734.2,104780.0,104734.2,104748.7,78.719,8245957.1252
63,2025-01-22 18:10:00,104764.7,104822.3,104764.7,104817.2,23.873,2502064.5953
64,2025-01-22 18:11:00,104756.6,104798.1,104734.1,104750.1,30.994,3247248.5293
65,2025-01-22 18:12:00,104750.1,104790.8,104750.0,104790.8,18.294,1916541.1645
66,2025-01-22 18:13:00,104754.2,104779.5,104750.0,104762.7,22.104,2315702.5131
67,2025-01-22 18:14:00,104790.0,104816.5,104788.8,104788.8,23.233,2435063.0335
68,2025-01-22 18:15:00,104800.9,104831.6,104790.8,104829.1,28.136,2949092.2665
69,2025-01-22 18:16:00,104822.2,104850.0,104821.9,104843.2,32.298,3385850.4902
70,2025-01-22 18:17:00,104860.0,104873.4,104858.0,104873.3,20.089,2106581.9488
71,2025-01-22 18:18:00,104861.2,104884.6,104848.4,104848.4,44.038,4618286.7261
72,2025-01-22 18:19:00,104843.2,104883.7,104839.8,104881.0,40.984,4297699.726
73,2025-01-22 18:20:00,104863.2,104900.0,104844.6,104899.9,40.928,4292528.3986
74,2025-01-22 18:22:00,104831.2,104831.3,104831.2,104831.2,0.041,4298.0796
75,2025-01-22 18:23:00,104755.0,104755.0,104736.7,104753.7,9.311,975341.2498
76,2025-01-22 18:24:00,104780.2,104785.5,104780.2,104785.5,0.225,23576.6158
77,2025-01-22 18:25:00,104902.5,104902.5,104889.1,104889.2,12.64,1325893.3249
78,2025-01-22 18:26:00,104951.2,104951.2,104951.1,104951.2,4.92,516359.7632
79,2025-01-22 18:27:00,104976.8,104976.8,104971.7,104971.8,1.351,141821.1635
80,2025-01-22 18:28:00,104953.3,104953.3,104931.6,104931.7,4.879,512023.2558
81,2025-01-22 18:29:00,104936.2,104936.3,104936.2,104936.3,1.194,125293.8607
82,2025-01-22 18:30:00,104953.3,104963.8,104953.2,104953.2,4.821,506020.0997
83,2025-01-22 18:31:00,104972.1,105002.3,104972.0,105002.3,12.095,1269928.6486
84,2025-01-22 18:32:00,105017.2,105039.5,105017.2,105038.3,10.176,1068779.5843
85,2025-01-22 18:33:00,105044.7,105044.7,105038.2,105038.3,12.033,1263944.3986
86,2025-01-22 18:34:00,104958.7,104985.3,104958.6,104979.6,15.867,1665594.4973
87,2025-01-22 18:35:00,104958.6,104969.0,104930.7,104930.7,19.767,2074592.9806
88,2025-01-22 18:36:00,104887.0,104921.8,104863.9,104918.2,19.833,2080237.6657
89,2025-01-22 18:37:00,104897.6,104909.6,104868.3,104868.3,11.108,1165164.382
90,2025-01-22 18:38:00,104903.6,104903.7,104895.3,104895.4,8.227,862984.9448
91,2025-01-22 18:39:00,104885.1,104894.0,104864.6,104874.2,15.383,1613388.7478
92,2025-01-22 18:40:00,104932.1,105020.9,104932.0,105020.8,17.165,1802212.9159
93,2025-01-22 18:41:00,105011.2,105011.2,104953.3,104989.4,17.079,1792954.2987
94,2025-01-22 18:42:00,104996.5,105033.5,104996.4,105025.7,22.325,2344314.5712
95,2025-01-22 18:43:00,105033.5,105058.5,105027.4,105038.2,17.351,1822532.4432
96,2025-01-22 18:44:00,105015.0,105032.1,105000.0,105004.4,32.378,3400166.7143
97,2025-01-22 18:45:00,105026.7,105026.8,104958.6,104958.6,84.437,8864563.3847
98,2025-01-22 18:46:00,104992.3,104992.3,104980.9,104980.9,7.117,747158.6448
99,2025-01-22 18:47:00,104990.0,104990.0,104958.6,104958.6,26.994,2833620.6033
100,2025-01-22 18:48:00,104965.3,104990.0,104961.0,104982.6,35.551,3731895.1162
101,2025-01-22 18:49:00,105008.5,105008.6,104980.0,105005.6,34.573,3630181.252
102,2025-01-22 18:50:00,105082.7,105082.7,105030.8,105054.2,110.344,11592470.7708
103,2025-01-22 18:51:00,105068.8,105068.8,105053.3,105053.4,23.875,2508359.4505
104,2025-01-22 18:52:00,105068.8,105068.8,105032.2,105048.1,23.955,2516361.5424
105,2025-01-22 18:53:00,105048.1,105048.1,105032.1,105033.6,16.255,1707395.8355
106,2025-01-22 18:54:00,105046.2,105082.1,105046.1,105082.1,21.196,2227034.5893
107,2025-01-22 18:55:00,105145.0,105145.0,105101.5,105121.3,33.934,3567164.5282
108,2025-01-22 18:56:00,105123.1,105123.1,105101.5,105119.2,24.686,2594855.4607
109,2025-01-22 18:57:00,105119.2,105126.3,105089.9,105119.9,48.447,5092423.646
110,2025-01-22 18:58:00,105119.9,105140.7,105089.9,105089.9,27.327,2872373.6612
111,2025-01-22 18:59:00,105079.3,105125.6,105079.3,105112.0,59.31,6233987.4971
112,2025-01-22 19:00:00,105112.0,105112.0,105077.3,105088.1,109.713,11529323.1113
113,2025-01-22 19:01:00,105077.4,105077.4,105057.3,105075.1,48.72,5119053.5631
114,2025-01-22 19:02:00,105075.1,105088.0,105057.4,105081.8,39.376,4137353.29
115,2025-01-22 19:04:00,105048.8,105048.9,105039.5,105039.6,5.111,536891.1087
116,2025-01-22 19:05:00,105047.8,105047.9,105047.8,105047.8,0.375,39392.948
117,2025-01-22 19:06:00,105117.7,105117.7,105117.6,105117.7,1.906,200354.2804
118,2025-01-22 19:07:00,105100.9,105100.9,105090.0,105090.0,3.47,364696.7806
119,2025-01-22 19:08:00,105110.8,105131.9,105108.7,105108.7,17.829,1874179.1348
120,2025-01-22 19:09:00,105116.1,105122.0,105116.0,105122.0,2.841,298646.0499
121,2025-01-22 19:10:00,105100.1,105100.1,105011.1,105019.5,33.706,3541053.3696
122,2025-01-22 19:11:00,105047.8,105058.3,105047.8,105050.0,9.134,959553.4128
123,2025-01-22 19:12:00,104982.2,105000.0,104976.3,105000.0,21.035,2208318.5264
124,2025-01-22 19:13:00,105000.7,105000.7,104984.8,104984.9,12.137,1274358.1371
125,2025-01-22 19:14:00,105021.6,105040.0,105021.6,105032.0,25.739,2703436.9566
126,2025-01-22 19:15:00,105032.0,105076.7,105031.9,105076.7,17.887,1878999.5645
127,2025-01-22 19:16:00,105080.2,105092.8,105080.1,105092.6,16.323,1715249.8967
128,2025-01-22 19:17:00,105118.3,105136.0,105101.7,105130.0,34.234,3598634.7368
129,2025-01-22 19:18:00,105229.8,105229.8,105000.0,105034.6,198.006,20819958.0773
130,2025-01-22 19:19:00,105025.0,105025.0,104927.1,104937.6,102.207,10728181.5617
131,2025-01-22 19:20:00,104910.3,104954.0,104873.6,104954.0,148.344,15561704.6547
132,2025-01-22 19:21:00,104922.5,104950.0,104895.0,104895.0,73.652,7727624.6674
133,2025-01-22 19:22:00,104873.7,104894.0,104873.7,104890.0,33.611,3525302.3192
134,2025-01-22 19:23:00,104899.9,104919.5,104890.1,104911.3,27.468,2881676.6383
135,2025-01-22 19:24:00,104874.6,104874.7,104829.4,104832.5,60.995,6395488.6965
136,2025-01-22 19:25:00,104832.6,104910.0,104832.5,104894.3,38.925,4082368.6883
137,2025-01-22 19:26:00,104869.3,104894.4,104839.9,104868.2,90.576,9497622.4358
138,2025-01-22 19:27:00,104894.9,104895.0,104786.1,104798.3,136.867,14347238.9867
139,2025-01-22 19:28:00,104798.2,104830.3,104721.0,104724.9,124.562,13051350.1774
140,2025-01-22 19:29:00,104734.9,104805.6,104730.7,104768.2,100.105,10487519.6709
141,2025-01-22 19:30:00,104768.3,104802.2,104763.4,104777.7,61.89,6485258.4381
142,2025-01-22 19:31:00,104777.8,104792.7,104764.6,104764.6,40.23,4215212.5482
143,2025-01-22 19:32:00,104760.0,104809.3,104754.0,104809.1,30.941,3242399.1384
144,2025-01-22 19:34:00,104809.2,104822.9,104809.1,104822.8,2.123,222511.9007
145,2025-01-22 19:35:00,104898.2,104910.2,104898.1,104910.1,23.245,2438441.9255
146,2025-01-22 19:36:00,104898.8,104898.9,104898.8,104898.8,2.543,266757.8115
147,2025-01-22 19:37:00,104888.1,104917.6,104888.0,104917.5,5.468,573590.0981
148,2025-01-22 19:38:00,104961.2,104966.0,104961.1,104965.9,3.664,384582.8477
149,2025-01-22 19:39:00,104963.6,104963.6,104963.1,104963.1,2.688,282140.9691
150,2025-01-22 19:40:00,104948.2,104948.2,104937.6,104937.6,16.843,1767637.8939
151,2025-01-22 19:41:00,105016.2,105016.2,104982.3,104982.3,9.185,964375.4794
152,2025-01-22 19:42:00,105036.4,105036.5,105014.4,105028.2,12.261,1287717.45
153,2025-01-22 19:43:00,105034.8,105034.9,105020.2,105020.3,12.402,1302469.5294
154,2025-01-22 19:44:00,105064.1,105064.1,105057.9,105058.0,4.822,506593.5048
155,2025-01-22 19:45:00,105056.0,105106.6,105056.0,105106.5,27.573,2897555.3486
156,2025-01-22 19:46:00,105154.0,105216.2,105150.1,105192.7,67.462,7095560.7792
157,2025-01-22 19:47:00,105216.5,105220.1,105200.0,105207.4,32.738,3444228.7787
158,2025-01-22 19:48:00,105118.3,105118.4,105116.1,105116.1,15.484,1627619.2571
159,2025-01-22 19:49:00,105121.3,105121.4,105047.3,105116.1,80.199,8426934.8864
160,2025-01-22 19:50:00,105114.5,105137.1,105114.4,105136.4,30.273,3182423.8959
161,2025-01-22 19:51:00,105173.8,105173.8,105139.5,105150.7,20.521,2157866.1365
162,2025-01-22 19:52:00,105142.1,105189.3,105128.4,105164.7,21.135,2222404.724
163,2025-01-22 19:53:00,105189.3,105338.7,105180.6,105316.6,264.239,27819471.6221
164,2025-01-22 19:54:00,105384.5,105427.0,105371.0,105396.0,133.712,14093373.4442
165,2025-01-22 19:55:00,105352.8,105352.8,105282.2,105291.7,119.441,12579006.9291
166,2025-01-22 19:56:00,105247.6,105350.0,105247.6,105348.0,160.152,16862205.1646
167,2025-01-22 19:57:00,105300.2,105313.9,105246.4,105272.4,73.611,7749329.8127
168,2025-01-22 19:58:00,105276.7,105299.7,105261.1,105261.1,34.137,3593878.7071
169,2025-01-22 19:59:00,105144.5,105144.5,104999.9,105023.5,186.182,19561001.3159
170,2025-01-22 20:00:00,105083.9,105143.7,105049.6,105100.5,85.069,8941001.3624
171,2025-01-22 20:01:00,105100.5,105141.4,105076.5,105094.7,99.171,10423591.7121
172,2025-01-22 20:02:00,105099.9,105125.7,105030.8,105048.4,71.822,7546874.9092
173,2025-01-22 20:03:00,105059.0,105171.5,105044.9,105163.5,90.43,9504410.2966
174,2025-01-22 20:04:00,105195.0,105280.0,105186.6,105280.0,126.213,13283256.242
175,2025-01-22 20:05:00,105285.6,105300.0,105246.5,105260.8,164.202,17287035.6291
176,2025-01-22 20:06:00,105260.8,105326.4,105254.7,105311.0,118.002,12425722.1931
177,2025-01-22 20:08:00,105325.8,105336.2,105325.7,105336.1,4.327,455761.0885
178,2025-01-22 20:09:00,105292.0,105292.0,105291.9,105292.0,6.012,633015.3289
179,2025-01-22 20:10:00,105315.9,105320.0,105315.8,105319.9,13.574,1429571.1464
180,2025-01-22 20:11:00,105298.4,105323.4,105298.3,105315.0,14.709,1549003.9829
181,2025-01-22 20:12:00,105338.9,105339.0,105328.3,105328.4,8.965,944318.5831
182,2025-01-22 20:13:00,105332.9,105394.0,105332.9,105394.0,38.956,4104314.0213
183,2025-01-22 20:14:00,105384.6,105384.6,105382.3,105382.4,8.978,946126.7861
184,2025-01-22 20:15:00,105440.0,105475.0,105405.8,105408.2,101.301,10680867.7976
185,2025-01-22 20:16:00,105438.6,105470.4,105438.5,105459.5,26.464,2790864.517
186,2025-01-22 20:17:00,105460.2,105517.1,105460.1,105517.0,107.378,11327736.7448
187,2025-01-22 20:18:00,105517.0,105557.2,105471.9,105554.8,257.316,27151878.1484
188,2025-01-22 20:19:00,105413.5,105437.7,105390.5,105409.1,60.603,6387856.7551
189,2025-01-22 20:20:00,105401.3,105401.3,105373.2,105374.9,21.397,2254980.8196
190,2025-01-22 20:21:00,105399.9,105430.0,105394.3,105394.3,32.718,3448973.2899
191,2025-01-22 20:22:00,105343.1,105368.8,105343.1,105350.0,40.157,4230706.1991
192,2025-01-22 20:23:00,105379.0,105415.9,105378.9,105415.8,32.645,3440690.0414
193,2025-01-22 20:24:00,105394.9,105394.9,105372.7,105383.0,9.737,1026150.4557
194,2025-01-22 20:25:00,105406.1,105406.1,105349.9,105350.0,57.543,6063782.4493
195,2025-01-22 20:26:00,105350.0,105369.8,105349.9,105360.0,30.473,3210518.9499
196,2025-01-22 20:27:00,105345.0,105368.7,105345.0,105366.7,40.973,4316614.6178
197,2025-01-22 20:28:00,105363.7,105363.7,105331.8,105338.0,37.246,3923931.7663
198,2025-01-22 20:29:00,105338.0,105350.0,105331.8,105331.9,33.43,3521663.5374
199,2025-01-22 20:30:00,105325.9,105370.0,105325.4,105358.9,40.955,4314595.3006
200,2025-01-22 20:31:00,105358.8,105358.8,105269.0,105275.0,60.749,6396581.3016
201,2025-01-22 20:32:00,105289.9,105290.0,105265.2,105273.7,48.79,5136380.1195
202,2025-01-22 20:33:00,105273.7,105273.8,105220.0,105250.0,86.9,9145695.3933
203,2025-01-22 20:35:00,105270.5,105280.0,105270.5,105279.9,2.998,315604.9402
204,2025-01-22 20:36:00,105237.1,105237.1,105230.6,105230.6,1.562,164375.2901
205,2025-01-22 20:37:00,105310.6,105310.7,105310.6,105310.6,0.819,86249.3973
206,2025-01-22 20:38:00,105332.7,105332.7,105332.6,105332.6,0.87,91639.4026
207,2025-01-22 20:39:00,105385.1,105385.1,105380.8,105380.8,2.758,290650.0712
208,2025-01-22 20:40:00,105299.6,105299.7,105272.2,105272.2,9.844,1036475.1941
209,2025-01-22 20:41:00,105384.4,105385.1,105384.4,105385.1,1.177,124037.9644
210,2025-01-22 20:42:00,105386.8,105396.0,105386.7,105392.9,4.662,491320.9958
211,2025-01-22 20:43:00,105394.0,105414.0,105394.0,105405.6,5.18,546005.6643
212,2025-01-22 20:44:00,105400.3,105413.3,105400.3,105413.3,3.933,414556.7004
213,2025-01-22 20:45:00,105437.6,105437.6,105393.9,105393.9,10.153,1070346.3054
214,2025-01-22 20:46:00,105378.1,105378.2,105332.2,105353.8,20.763,2187320.9158
215,2025-01-22 20:47:00,105314.5,105353.0,105310.8,105353.0,8.965,944224.2946
216,2025-01-22 20:48:00,105366.2,105380.9,105365.0,105365.1,13.74,1447798.8139
217,2025-01-22 20:49:00,105305.4,105305.5,105281.6,105287.7,21.477,2261347.5428
218,2025-01-22 20:50:00,105289.7,105289.7,105259.0,105259.1,15.923,1676227.3017
219,2025-01-22 20:51:00,105284.4,105284.4,105284.3,105284.3,8.012,843538.2249
220,2025-01-22 20:52:00,105271.0,105280.7,105270.9,105280.5,12.872,1355163.8274
221,2025-01-22 20:53:00,105264.2,105291.4,105264.1,105290.4,46.797,4926811.0087
222,2025-01-22 20:54:00,105276.9,105280.0,105267.7,105280.0,16.719,1760069.1937
223,2025-01-22 20:55:00,105279.9,105327.2,105275.2,105316.8,43.563,4586997.9745
224,2025-01-22 20:56:00,105316.9,105331.3,105316.6,105325.8,15.188,1599641.7457
225,2025-01-22 20:57:00,105331.7,105358.9,105294.2,105320.7,35.731,3763271.862
226,2025-01-22 20:58:00,105322.5,105322.6,105282.6,105282.6,26.942,2836890.239
227,2025-01-22 20:59:00,105282.7,105282.7,105243.6,105243.6,113.962,11995190.3881
228,2025-01-22 21:00:00,105232.9,105240.9,105190.7,105240.9,112.44,11829661.689
229,2025-01-22 21:01:00,105251.8,105329.9,105243.5,105329.9,172.044,18114451.3557
230,2025-01-22 21:03:00,105231.4,105231.4,105231.3,105231.3,0.476,50090.1096
231,2025-01-22 21:04:00,105116.0,105126.6,105116.0,105126.5,4.891,514132.8334
232,2025-01-22 21:05:00,105005.1,105024.2,104992.8,104992.9,59.865,6286196.2715
233,2025-01-22 21:06:00,105026.7,105026.8,104973.8,104987.9,16.485,1730864.5644
234,2025-01-22 21:07:00,104961.9,104962.0,104933.2,104933.3,13.141,1379136.3318
235,2025-01-22 21:08:00,105001.8,105001.9,104995.1,105001.9,4.607,483730.495
236,2025-01-22 21:09:00,105006.3,105023.4,105000.9,105023.4,12.049,1265246.956
237,2025-01-22 21:10:00,104995.3,105010.6,104995.3,105010.6,10.638,1117070.7263
238,2025-01-22 21:11:00,105046.0,105047.3,105037.2,105047.2,13.057,1371493.6414
239,2025-01-22 21:12:00,105000.0,105000.1,104981.2,104981.2,21.21,2226686.8886
240,2025-01-22 21:13:00,104897.1,104942.8,104850.0,104942.8,56.481,5923369.6311
241,2025-01-22 21:14:00,104939.4,104958.5,104921.7,104930.0,19.243,2019417.5433
242,2025-01-22 21:15:00,104915.3,104943.9,104915.2,104943.9,17.625,1849436.8871
243,2025-01-22 21:16:00,104933.9,104966.7,104933.9,104966.7,19.965,2095352.1286
244,2025-01-22 21:17:00,104979.6,104979.6,104900.8,104900.9,31.002,3253599.02
245,2025-01-22 21:18:00,104950.0,104986.8,104925.0,104942.8,26.978,2831681.2047
246,2025-01-22 21:19:00,104924.9,104979.5,104920.0,104979.5,41.005,4303374.4294
247,2025-01-22 21:20:00,104990.1,105000.0,104898.8,105000.0,229.435,24079050.6528
248,2025-01-22 21:21:00,104993.3,105036.7,104949.7,104963.1,231.468,24298059.5748
249,2025-01-22 21:22:00,104963.8,104963.8,104936.0,104936.1,47.018,4934801.6339
250,2025-01-22 21:23:00,104832.1,104867.5,104820.0,104867.5,81.276,8520788.7943
251,2025-01-22 21:24:00,104921.8,104969.1,104921.8,104969.1,33.493,3515029.8519
252,2025-01-22 21:25:00,104953.3,105009.1,104890.4,104910.4,128.69,13506648.2237
253,2025-01-22 21:26:00,104919.4,104945.1,104910.4,104945.1,29.529,3098462.3538
254,2025-01-22 21:27:00,104942.8,104957.2,104936.0,104936.0,44.787,4700313.797
255,2025-01-22 21:28:00,104924.9,104944.7,104849.9,104881.9,240.661,25239896.7299
256,2025-01-22 21:29:00,104899.9,104900.0,104820.1,104870.3,152.964,16037796.5445
257,2025-01-22 21:30:00,104870.2,104890.4,104822.9,104827.8,89.834,9419416.4526
258,2025-01-22 21:32:00,104901.9,104901.9,104867.1,104882.7,19.208,2014647.1397
259,2025-01-22 21:33:00,104815.1,104829.8,104815.1,104829.7,11.428,1197884.166
260,2025-01-22 21:34:00,104849.0,104849.1,104830.8,104837.3,7.337,769187.5437
261,2025-01-22 21:35:00,104793.1,104793.1,104760.0,104780.0,28.799,3017383.1977
262,2025-01-22 21:36:00,104804.0,104804.0,104763.9,104777.1,27.225,2852475.0724
263,2025-01-22 21:37:00,104736.9,104740.5,104723.0,104740.4,11.262,1179513.7782
264,2025-01-22 21:38:00,104676.3,104679.9,104400.0,104474.9,990.185,103480940.3513
265,2025-01-22 21:39:00,104407.1,104441.4,104326.8,104326.9,110.021,11485443.1974
266,2025-01-22 21:40:00,104458.9,104497.0,104403.7,104466.4,114.52,11961912.6256
267,2025-01-22 21:41:00,104471.3,104471.3,104400.0,104414.1,47.257,4934560.6766
268,2025-01-22 21:42:00,104431.5,104550.2,104431.4,104540.4,75.752,7916464.1621
269,2025-01-22 21:43:00,104592.5,104720.9,104582.0,104705.1,87.238,9130064.4951
270,2025-01-22 21:44:00,104684.3,104721.8,104638.7,104648.8,83.816,8774292.7245
271,2025-01-22 21:45:00,104581.5,104595.2,104500.0,104500.1,70.198,7338828.4482
272,2025-01-22 21:46:00,104616.0,104616.0,104530.7,104534.3,51.632,5399727.8963
273,2025-01-22 21:47:00,104539.6,104560.0,104500.0,104505.7,47.468,4961264.8124
274,2025-01-22 21:48:00,104523.0,104544.6,104500.0,104505.7,43.15,4509925.2654
275,2025-01-22 21:49:00,104450.0,104500.1,104433.6,104433.6,42.984,4490326.2552
276,2025-01-22 21:50:00,104313.5,104390.5,104240.5,104352.8,165.122,17224285.9985
277,2025-01-22 21:51:00,104294.2,104333.2,104101.0,104157.7,608.84,63430473.2819
278,2025-01-22 21:52:00,104133.1,104200.0,104000.2,104080.9,465.46,48443555.7387
279,2025-01-22 21:53:00,104153.1,104153.1,103922.0,104029.2,524.567,54560890.8841
280,2025-01-22 21:54:00,104029.5,104106.7,104000.0,104023.2,296.024,30800673.3443
281,2025-01-22 21:55:00,104037.6,104095.6,103825.8,103875.3,616.436,64065537.9224
282,2025-01-22 21:56:00,103847.9,103931.9,103785.3,103879.9,441.924,45888064.8477
283,2025-01-22 21:57:00,103921.9,104080.6,103921.8,104074.4,268.831,27955840.4196
284,2025-01-22 21:58:00,104072.8,104149.9,104044.5,104101.9,237.402,24710063.3145
285,2025-01-22 21:59:00,104122.8,104145.1,104003.7,104040.1,124.297,12936487.4655
286,2025-01-22 22:00:00,104052.9,104122.2,103982.2,104106.5,325.978,33916555.118
287,2025-01-22 22:01:00,104120.3,104141.1,103905.3,103905.3,170.833,17766607.4398
288,2025-01-22 22:03:00,103877.7,103883.4,103874.1,103874.2,2.719,282456.9342
289,2025-01-22 22:04:00,103693.3,103716.7,103663.8,103679.6,25.936,2689215.8474
290,2025-01-22 22:05:00,103871.9,103911.7,103851.8,103851.9,25.676,2667576.3037
291,2025-01-22 22:06:00,103743.2,103815.0,103743.1,103808.4,31.982,3319193.9448
292,2025-01-22 22:07:00,103826.6,103940.8,103800.0,103899.7,60.991,6336020.7868
293,2025-01-22 22:08:00,103820.6,103833.6,103780.1,103833.5,24.029,2494407.7056
294,2025-01-22 22:09:00,103823.5,103860.0,103823.4,103856.8,29.942,3109362.3056
295,2025-01-22 22:10:00,103918.3,103978.3,103889.4,103904.8,86.233,8962761.0311
296,2025-01-22 22:11:00,104065.9,104124.2,104065.8,104116.8,116.535,12130505.1895
297,2025-01-22 22:12:00,104104.0,104136.0,104096.1,104114.2,82.787,8619796.3683
298,2025-01-22 22:13:00,104100.1,104134.1,104099.0,104111.1,86.303,8985073.5507
299,2025-01-22 22:14:00,104096.1,104117.4,104051.3,104060.8,69.919,7277334.3264
300,2025-01-22 22:15:00,104049.4,104102.0,104000.0,104101.9,93.748,9754216.0407
301,2025-01-22 22:16:00,104101.3,104238.0,104101.2,104238.0,206.955,21560122.4088
302,2025-01-22 22:17:00,104253.2,104308.4,104224.2,104285.3,260.986,27214451.4211
303,2025-01-22 22:18:00,104288.9,104323.0,104255.1,104306.2,129.594,13516180.039
304,2025-01-22 22:19:00,104310.4,104310.4,104209.0,104257.4,125.533,13085885.5172
305,2025-01-22 22:20:00,104254.9,104298.4,104200.0,104298.3,121.099,12622903.3569
306,2025-01-22 22:21:00,104287.1,104397.3,104246.1,104389.1,168.03,17531135.0273
307,2025-01-22 22:22:00,104379.9,104411.7,104300.8,104352.8,140.561,14670709.6656
308,2025-01-22 22:23:00,104346.3,104346.3,104234.4,104269.5,136.822,14267248.2689
309,2025-01-22 22:25:00,104298.4,104378.2,104298.4,104378.1,22.567,2354439.0232
310,2025-01-22 22:26:00,104464.8,104464.8,104445.0,104445.0,10.144,1059671.3487
311,2025-01-22 22:27:00,104495.8,104495.8,104465.2,104465.2,48.317,5048021.4099
312,2025-01-22 22:28:00,104522.4,104558.0,104522.4,104557.9,23.065,2411305.6065
313,2025-01-22 22:29:00,104586.4,104600.0,104586.3,104594.0,24.97,2611722.7991
314,2025-01-22 22:30:00,104614.4,104643.5,104489.1,104501.4,172.878,18076543.2309
315,2025-01-22 22:31:00,104548.6,104918.0,104548.6,104812.5,562.362,58925259.3475
316,2025-01-22 22:32:00,104819.5,104819.5,104568.6,104593.5,227.61,23821886.1195
317,2025-01-22 22:34:00,104356.5,104449.8,104340.9,104445.2,65.248,6811684.0239
318,2025-01-22 22:35:00,104671.2,104759.0,104575.8,104586.4,267.844,28036860.4216
319,2025-01-22 22:37:00,104224.5,104224.5,104196.4,104201.9,6.57,684617.0972
320,2025-01-22 22:38:00,104194.1,104284.8,104145.6,104258.7,182.44,19010091.0527
321,2025-01-22 22:39:00,104184.6,104331.3,104156.7,104326.5,111.109,11584091.9154
322,2025-01-22 22:40:00,104326.5,104366.2,104201.1,104274.5,141.181,14727036.6254
323,2025-01-22 22:41:00,104221.2,104265.0,104124.2,104200.0,219.064,22825182.7305
324,2025-01-22 22:43:00,104242.1,104260.0,104166.7,104173.9,157.896,16452456.4267
325,2025-01-22 22:44:00,104173.9,104197.5,104041.8,104184.5,197.174,20528446.0567
326,2025-01-22 22:45:00,104184.6,104210.0,103972.9,104094.4,304.96,31737527.4303
327,2025-01-22 22:46:00,104094.3,104177.4,103895.8,104017.8,340.357,35398526.0362
328,2025-01-22 22:47:00,104017.9,104033.5,103660.0,103758.1,847.285,87931821.0892
329,2025-01-22 22:48:00,103758.1,103944.6,103612.0,103924.4,728.951,75616923.0932
330,2025-01-22 22:49:00,103924.3,104053.3,103867.2,104052.9,256.188,26632293.0437
331,2025-01-22 22:50:00,104052.8,104220.0,104000.4,104067.3,507.384,52831664.7214
332,2025-01-22 22:51:00,104067.3,104067.4,103876.1,103904.6,220.478,22922158.4588
333,2025-01-22 22:52:00,103904.0,103919.1,103757.6,103767.5,246.074,25546579.1182
334,2025-01-22 22:53:00,103767.4,103858.0,103756.0,103827.4,33.064,3431916.6231
335,2025-01-22 22:54:00,103944.5,104043.8,103944.5,104015.3,46.25,4810336.9726
336,2025-01-22 22:55:00,104189.2,104244.4,104164.5,104244.4,51.052,5319885.648
337,2025-01-22 22:56:00,104512.3,104540.0,104484.1,104529.1,97.83,10223632.7205
338,2025-01-22 22:57:00,104626.9,104700.0,104607.3,104629.6,139.662,14615909.635
339,2025-01-22 22:58:00,104547.3,104547.4,104462.0,104465.6,121.487,12693974.6913
340,2025-01-22 22:59:00,104481.8,104492.2,104400.0,104429.5,62.6,6537642.1222
341,2025-01-22 23:00:00,104367.6,104404.7,104266.2,104367.0,244.24,25481319.8183
342,2025-01-22 23:01:00,104226.1,104252.2,104174.0,104208.0,94.947,9894501.3653
343,2025-01-22 23:02:00,104173.6,104265.6,104102.7,104200.1,188.948,19688241.4971
344,2025-01-22 23:03:00,104261.0,104455.7,104260.9,104455.7,136.116,14206294.4813
345,2025-01-22 23:04:00,104419.2,104461.0,104356.5,104426.0,98.745,10310968.349
346,2025-01-22 23:05:00,104428.7,104524.0,104276.0,104324.6,189.026,19743330.8224
347,2025-01-22 23:06:00,104344.1,104486.0,104325.4,104486.0,92.112,9617917.7835
348,2025-01-22 23:07:00,104471.4,104549.2,104441.3,104450.1,137.477,14367943.2829
349,2025-01-22 23:09:00,104718.2,104725.6,104696.2,104696.2,15.353,1607764.7667
350,2025-01-22 23:10:00,104760.4,104773.2,104727.6,104742.0,27.792,2911276.6109
351,2025-01-22 23:11:00,104674.9,104820.0,104653.4,104769.4,85.515,8959163.8348
352,2025-01-22 23:12:00,104710.0,104821.4,104710.0,104799.9,109.413,11464154.7926
353,2025-01-22 23:13:00,104795.6,104864.5,104763.3,104863.0,106.829,11198433.0834
354,2025-01-22 23:14:00,104844.9,104870.0,104813.7,104870.0,151.656,15899931.6578
355,2025-01-22 23:16:00,104879.5,104916.3,104879.5,104916.3,33.948,3560813.2209
356,2025-01-22 23:17:00,105112.7,105136.0,105033.0,105037.5,108.997,11454612.5229
357,2025-01-22 23:18:00,105012.7,105067.5,105012.6,105067.5,55.877,5868950.9959
358,2025-01-22 23:19:00,105062.0,105068.5,104986.1,104995.0,42.719,4486133.7683
359,2025-01-22 23:20:00,104831.4,104831.4,104695.7,104706.4,178.35,18682690.9152
360,2025-01-22 23:21:00,104683.9,104689.7,104583.0,104583.5,69.972,7320967.3227
361,2025-01-22 23:22:00,104534.6,104563.7,104478.9,104482.0,86.172,9006601.609
362,2025-01-22 23:23:00,104453.8,104495.2,104420.0,104495.2,46.042,4809460.4545
363,2025-01-22 23:24:00,104612.5,104780.9,104612.5,104780.9,129.646,13575730.7777
364,2025-01-22 23:25:00,104810.1,104887.9,104785.2,104887.9,51.214,5368151.3792
365,2025-01-22 23:26:00,104795.6,104800.1,104600.0,104649.0,72.375,7577835.8858
366,2025-01-22 23:27:00,104744.0,104744.0,104621.3,104647.7,85.283,8926932.5611
367,2025-01-22 23:28:00,104591.5,104624.6,104550.1,104550.1,71.777,7506985.7451
368,2025-01-22 23:29:00,104514.9,104572.8,104444.4,104444.4,88.082,9205604.7637
369,2025-01-22 23:30:00,104343.4,104446.8,104278.7,104400.1,177.234,18495254.582
370,2025-01-22 23:31:00,104309.3,104324.0,104195.2,104227.5,503.216,52451436.6088
371,2025-01-22 23:32:00,104279.0,104284.0,104133.0,104233.7,179.835,18741776.9933
372,2025-01-22 23:33:00,104295.0,104384.5,104249.7,104311.2,181.626,18946444.1344
373,2025-01-22 23:34:00,104272.8,104322.7,104140.0,104140.0,155.262,16183362.4059
374,2025-01-22 23:35:00,104166.8,104188.0,104006.5,104159.5,268.789,27977711.6639
375,2025-01-22 23:37:00,103997.0,103997.0,103996.9,103996.9,0.257,26727.2177
376,2025-01-22 23:38:00,104220.2,104272.9,104220.2,104260.2,48.045,5008901.6492
377,2025-01-22 23:39:00,104269.2,104293.8,104234.8,104293.7,14.954,1559020.0703
378,2025-01-22 23:40:00,104228.7,104245.3,104195.2,104211.1,20.856,2173579.1843
379,2025-01-22 23:41:00,104395.5,104479.2,104395.5,104398.2,74.101,7739152.2215
380,2025-01-22 23:42:00,104317.0,104324.2,104257.9,104283.2,23.303,2430356.0881
381,2025-01-22 23:43:00,104290.5,104297.6,104243.6,104257.3,40.876,4261951.9177
382,2025-01-22 23:44:00,104208.9,104302.8,104195.2,104273.5,36.823,3838809.557
383,2025-01-22 23:45:00,104252.3,104252.4,104036.5,104036.5,95.243,9919190.5002
384,2025-01-22 23:46:00,104030.1,104124.2,104013.0,104013.1,92.519,9627463.149
385,2025-01-22 23:48:00,104171.5,104179.1,104171.5,104179.1,2.025,210948.0089
386,2025-01-22 23:49:00,104300.0,104337.2,104210.4,104309.0,92.298,9626443.1103
387,2025-01-22 23:50:00,104309.4,104314.6,104046.0,104088.1,205.96,21443051.3467
388,2025-01-22 23:51:00,104088.8,104224.8,104087.9,104189.5,92.548,9639979.8933
389,2025-01-22 23:52:00,104189.5,104413.1,104189.5,104392.9,104.793,10932698.908
390,2025-01-22 23:53:00,104392.8,104471.2,104392.6,104450.0,117.207,12240811.5186
391,2025-01-22 23:54:00,104450.0,104631.3,104447.9,104551.9,208.872,21841008.072
392,2025-01-22 23:55:00,104551.9,104581.0,104461.7,104461.7,106.838,11167928.7217
393,2025-01-22 23:56:00,104461.7,104471.1,104360.8,104461.7,105.018,10964571.0087
394,2025-01-22 23:57:00,104461.6,104516.0,104350.5,104399.9,115.482,12060966.5529
395,2025-01-22 23:58:00,104399.9,104400.0,104350.7,104378.0,27.048,2823233.4511
396,2025-01-22 23:59:00,104331.4,104331.4,104233.7,104265.3,54.462,5679064.5784
397,2025-01-23 00:00:00,104138.1,104186.9,104053.2,104069.6,138.16,14384112.9326
398,2025-01-23 00:01:00,103951.5,104042.2,103946.7,104012.5,115.105,11970898.5416
399,2025-01-23 00:02:00,104017.7,104043.8,103785.8,103794.3,330.007,34281130.5052
400,2025-01-23 00:03:00,103921.8,103950.0,103865.2,103917.6,214.316,22267179.3086
401,2025-01-23 00:04:00,103754.1,103900.0,103754.0,103900.0,277.364,28796642.4136
402,2025-01-23 00:05:00,103867.2,103927.2,103840.2,103861.8,79.552,8263997.1571
403,2025-01-23 00:06:00,103843.1,103903.4,103724.8,103786.5,373.059,38714223.5928
404,2025-01-23 00:07:00,103908.1,103982.2,103791.5,103968.1,157.08,16320078.9305
405,2025-01-23 00:08:00,104028.1,104074.5,103843.6,103855.8,197.306,20515142.5183
406,2025-01-23 00:09:00,103869.8,103877.4,103789.0,103866.5,176.751,18353221.4922
407,2025-01-23 00:10:00,103860.7,103860.7,103713.3,103739.0,369.33,38329936.9926
408,2025-01-23 00:11:00,103732.0,103805.8,103711.6,103713.7,167.169,17344103.5794
409,2025-01-23 00:13:00,103815.1,103825.4,103801.3,103825.4,8.82,915622.0346
410,2025-01-23 00:14:00,103848.1,103848.6,103822.2,103848.5,13.98,1451605.8623
411,2025-01-23 00:15:00,103769.3,103777.9,103680.4,103699.8,35.476,3679589.6155
412,2025-01-23 00:16:00,103698.7,103743.1,103670.8,103720.1,21.877,2268608.229
413,2025-01-23 00:17:00,103900.0,103982.2,103878.1,103964.0,80.044,8319588.8863
414,2025-01-23 00:18:00,103963.3,103981.7,103930.1,103965.7,34.446,3581134.5628
415,2025-01-23 00:19:00,103981.6,104035.0,103981.6,104027.0,46.663,4853433.338
416,2025-01-23 00:20:00,104052.3,104064.5,103977.1,103977.2,32.966,3428810.5213
417,2025-01-23 00:21:00,103887.3,103907.9,103849.9,103862.5,58.316,6057813.2488
418,2025-01-23 00:22:00,103903.2,103903.3,103854.3,103897.4,31.444,3266353.4349
419,2025-01-23 00:23:00,103948.6,103982.2,103948.6,103965.6,48.902,5084146.4839
420,2025-01-23 00:24:00,104012.5,104012.5,103965.6,103996.1,46.929,4880175.174
421,2025-01-23 00:25:00,103964.0,103978.0,103868.4,103876.0,41.918,4355946.5821
422,2025-01-23 00:26:00,103919.6,104012.5,103894.5,104012.5,36.593,3803424.0573
423,2025-01-23 00:27:00,103996.3,104017.7,103974.9,103994.7,68.265,7099412.7987
424,2025-01-23 00:28:00,103992.8,103992.8,103927.9,103943.4,48.69,5061150.7099
425,2025-01-23 00:29:00,103968.0,104001.7,103941.9,103941.9,34.882,3626990.4577
426,2025-01-23 00:30:00,103954.9,103992.4,103933.1,103963.9,82.996,8628240.6015
427,2025-01-23 00:31:00,103935.9,103942.3,103872.2,103890.1,41.785,4341243.6478
428,2025-01-23 00:32:00,103918.9,103967.3,103907.7,103961.9,51.129,5314451.5379
429,2025-01-23 00:33:00,104000.0,104022.6,103940.8,103970.9,114.716,11929162.9709
430,2025-01-23 00:34:00,103943.8,103943.8,103751.4,103751.4,129.203,13415595.0813
431,2025-01-23 00:35:00,103790.6,103820.5,103680.4,103780.9,155.819,16163108.5676
432,2025-01-23 00:36:00,103802.0,103911.2,103794.7,103903.2,62.166,6456689.3708
433,2025-01-23 00:37:00,103957.6,103964.4,103809.5,103920.2,229.346,23823707.7294
434,2025-01-23 00:38:00,103913.9,103986.2,103882.6,103986.0,131.19,13635140.1434
435,2025-01-23 00:39:00,103967.1,104005.7,103935.9,103993.0,66.464,6910520.6696
436,2025-01-23 00:41:00,103874.6,103874.6,103874.5,103874.5,0.103,10699.0837
437,2025-01-23 00:42:00,103732.0,103742.4,103731.9,103742.4,4.562,473259.3752
438,2025-01-23 00:43:00,103462.0,103476.2,103410.0,103410.0,40.434,4182354.1772
439,2025-01-23 00:44:00,103389.9,103454.1,103389.9,103416.8,29.798,3081695.5562
440,2025-01-23 00:45:00,103407.9,103476.6,103364.4,103459.6,79.561,8229400.9653
441,2025-01-23 00:46:00,103460.0,103491.0,103426.0,103426.0,75.462,7808414.6612
442,2025-01-23 00:47:00,103551.1,103565.6,103502.7,103543.9,54.834,5677364.6381
443,2025-01-23 00:48:00,103595.3,103698.2,103595.3,103659.4,88.703,9194627.5703
444,2025-01-23 00:49:00,103624.5,103643.8,103578.2,103643.7,60.37,6254797.883
445,2025-01-23 00:50:00,103610.4,103649.0,103606.9,103629.8,18.384,1905090.4721
446,2025-01-23 00:51:00,103658.2,103664.6,103617.7,103655.3,38.282,3967582.1854
447,2025-01-23 00:52:00,103737.9,103773.5,103706.5,103716.2,50.857,5276328.9586
448,2025-01-23 00:53:00,103780.0,103843.4,103750.0,103832.8,68.232,7082038.2793
449,2025-01-23 00:54:00,103805.4,103814.3,103769.2,103775.6,32.558,3379152.3817
450,2025-01-23 00:55:00,103673.4,103706.0,103664.6,103700.0,29.29,3037063.4161
451,2025-01-23 00:56:00,103697.9,103711.2,103665.2,103711.2,23.074,2392339.1014
452,2025-01-23 00:57:00,103678.6,103678.7,103580.9,103606.3,129.405,13409290.6317
453,2025-01-23 00:58:00,103550.3,103609.5,103542.1,103602.3,58.606,6070079.2146
454,2025-01-23 00:59:00,103700.0,103744.2,103695.7,103732.2,33.667,3491867.016
455,2025-01-23 01:00:00,103671.6,103725.4,103640.4,103650.1,71.597,7423540.3228
456,2025-01-23 01:01:00,103708.5,103798.6,103708.5,103782.4,61.636,6395380.145
457,2025-01-23 01:02:00,103816.5,103855.3,103770.0,103846.0,105.193,10919165.2092
458,2025-01-23 01:03:00,103878.1,104042.4,103878.0,103986.9,315.712,32831006.0555
459,2025-01-23 01:04:00,103973.4,104103.7,103973.3,104048.8,308.084,32059957.5648
460,2025-01-23 01:05:00,104045.1,104144.8,104041.3,104144.7,123.522,12856917.9391
461,2025-01-23 01:06:00,104144.7,104221.4,104102.0,104164.9,223.694,23303122.706
462,2025-01-23 01:07:00,104187.4,104188.5,104049.9,104064.1,275.673,28700924.8065
463,2025-01-23 01:08:00,104096.9,104179.0,104096.9,104149.0,76.619,7979471.3288
464,2025-01-23 01:09:00,104125.7,104195.2,104110.8,104110.8,48.674,5069845.3953
465,2025-01-23 01:10:00,104110.9,104140.0,104072.0,104079.2,64.881,6754270.8879
466,2025-01-23 01:11:00,104080.0,104095.6,103900.0,103900.0,145.17,15097564.1916
467,2025-01-23 01:12:00,103940.0,103958.7,103800.0,103887.7,215.809,22417337.5148
468,2025-01-23 01:13:00,103944.2,104129.3,103926.1,104035.5,411.854,42841140.6694
469,2025-01-23 01:14:00,104052.7,104099.9,104016.1,104087.5,48.066,5001183.7177
470,2025-01-23 01:15:00,104080.1,104186.9,104077.7,104077.7,90.287,9402977.6664
471,2025-01-23 01:17:00,104077.5,104095.5,104063.6,104095.5,11.061,1151173.8846
472,2025-01-23 01:18:00,104135.2,104145.4,104114.1,104137.9,8.324,866818.7963
