,date,open,high,low,close,volume,quote_volume
1,2024-12-28 15:37:00,94427.5,94434.3,94427.5,94434.3,2.804,264784.2953
2,2024-12-28 15:38:00,94445.5,94445.5,94445.4,94445.5,3.511,331597.8406
3,2024-12-28 15:39:00,94434.4,94434.4,94434.3,94434.4,1.937,182919.3255
4,2024-12-28 15:40:00,94417.3,94417.4,94408.8,94408.9,8.772,828207.3126
5,2024-12-28 15:41:00,94392.4,94392.5,94385.0,94385.0,15.629,1475236.8949
6,2024-12-28 15:42:00,94369.2,94369.2,94360.0,94360.1,8.077,762190.499
7,2024-12-28 15:43:00,94351.0,94351.1,94334.0,94334.0,18.102,1707828.6038
8,2024-12-28 15:44:00,94313.2,94341.1,94313.1,94341.1,24.445,2305642.5877
9,2024-12-28 15:45:00,94332.5,94332.5,94306.8,94306.8,25.223,2379076.5155
10,2024-12-28 15:46:00,94352.2,94352.2,94339.2,94339.4,23.822,2247595.956
11,2024-12-28 15:47:00,94338.2,94381.5,94317.1,94349.3,128.992,12169938.1316
12,2024-12-28 15:48:00,94323.9,94323.9,94300.0,94300.1,16.938,1597432.8766
13,2024-12-28 15:49:00,94300.0,94316.8,94300.0,94300.0,27.983,2638960.5618
14,2024-12-28 15:50:00,94270.4,94328.1,94270.4,94321.3,46.957,4427840.2413
15,2024-12-28 15:51:00,94330.0,94338.0,94267.2,94276.6,78.978,7447309.7708
16,2024-12-28 15:52:00,94276.6,94285.3,94269.6,94285.2,34.336,3237114.6737
17,2024-12-28 15:53:00,94282.2,94282.3,94259.7,94259.7,36.378,3429250.183
18,2024-12-28 15:54:00,94259.7,94305.0,94256.9,94305.0,73.967,6972749.1891
19,2024-12-28 15:56:00,94280.3,94280.3,94280.2,94280.2,0.157,14802.0061
20,2024-12-28 15:57:00,94300.1,94300.1,94295.5,94295.5,0.278,26214.4172
21,2024-12-28 15:58:00,94305.6,94305.6,94305.5,94305.5,1.088,102604.4461
22,2024-12-28 15:59:00,94334.6,94343.2,94334.5,94343.2,7.218,680916.357
23,2024-12-28 16:00:00,94334.6,94364.3,94334.6,94364.2,18.225,1719548.4046
24,2024-12-28 16:01:00,94383.9,94391.3,94383.9,94391.1,15.57,1469596.2605
25,2024-12-28 16:02:00,94416.6,94424.5,94400.1,94402.1,43.257,4084178.0315
26,2024-12-28 16:03:00,94411.1,94414.3,94411.0,94414.2,4.289,404933.1029
27,2024-12-28 16:04:00,94369.3,94397.8,94369.3,94397.8,17.453,1647255.9356
28,2024-12-28 16:05:00,94400.8,94417.9,94400.8,94417.9,11.538,1089348.941
29,2024-12-28 16:06:00,94408.2,94424.5,94408.1,94424.4,11.375,1074006.8709
30,2024-12-28 16:07:00,94423.5,94429.2,94419.7,94419.8,26.702,2521273.8077
31,2024-12-28 16:08:00,94423.5,94446.5,94423.4,94446.5,26.918,2541938.6412
32,2024-12-28 16:09:00,94446.5,94446.5,94418.2,94418.2,39.606,3740196.5433
33,2024-12-28 16:10:00,94394.7,94394.7,94338.5,94361.6,70.173,6621538.1195
34,2024-12-28 16:11:00,94363.4,94363.4,94350.0,94350.0,28.529,2691899.7386
35,2024-12-28 16:13:00,94378.1,94378.2,94378.1,94378.2,0.422,39827.5821
36,2024-12-28 16:14:00,94371.0,94385.3,94370.9,94385.3,1.699,160343.4855
37,2024-12-28 16:15:00,94394.5,94394.5,94385.5,94385.6,4.896,462117.8173
38,2024-12-28 16:16:00,94413.0,94413.0,94408.2,94408.3,1.64,154832.174
39,2024-12-28 16:17:00,94408.2,94408.2,94361.5,94361.5,16.057,1515654.9061
40,2024-12-28 16:18:00,94343.8,94361.6,94343.8,94356.9,8.02,756701.5922
41,2024-12-28 16:19:00,94357.0,94369.5,94357.0,94361.6,7.164,676029.5874
42,2024-12-28 16:20:00,94366.4,94366.4,94363.0,94363.0,6.716,633750.0731
43,2024-12-28 16:21:00,94320.0,94320.0,94280.1,94280.1,41.554,3918712.067
44,2024-12-28 16:22:00,94283.5,94321.3,94283.5,94314.4,11.501,1084506.1239
45,2024-12-28 16:23:00,94291.5,94325.7,94291.5,94305.1,98.667,9304484.686
46,2024-12-28 16:24:00,94305.7,94317.5,94295.4,94305.8,14.5,1367452.7825
47,2024-12-28 16:25:00,94305.5,94316.0,94305.4,94311.7,17.45,1645748.6872
48,2024-12-28 16:26:00,94325.3,94336.4,94309.7,94336.4,21.187,1998383.3106
49,2024-12-28 16:27:00,94368.2,94370.0,94361.1,94361.7,13.436,1267898.4365
50,2024-12-28 16:28:00,94361.8,94366.3,94348.8,94366.2,6.835,644928.8625
51,2024-12-28 16:29:00,94366.3,94366.3,94361.1,94361.1,6.95,655834.9834
52,2024-12-28 16:30:00,94361.1,94366.3,94356.9,94361.2,13.352,1259893.4219
53,2024-12-28 16:31:00,94361.2,94394.2,94361.2,94380.8,21.519,2030943.0852
54,2024-12-28 16:33:00,94394.1,94394.1,94385.2,94385.2,2.702,255049.0216
55,2024-12-28 16:34:00,94362.0,94362.0,94357.5,94357.5,0.477,45009.1035
56,2024-12-28 16:35:00,94325.9,94343.4,94325.9,94343.3,3.31,312243.9377
57,2024-12-28 16:36:00,94370.4,94370.4,94370.3,94370.4,1.381,130325.4854
58,2024-12-28 16:37:00,94426.8,94426.8,94408.8,94408.8,11.082,1046337.9946
59,2024-12-28 16:38:00,94410.9,94417.9,94410.9,94411.2,8.003,755576.6442
60,2024-12-28 16:39:00,94422.8,94428.3,94418.2,94428.2,10.167,959961.1868
61,2024-12-28 16:40:00,94435.0,94435.0,94425.4,94426.8,3.048,287824.9335
62,2024-12-28 16:41:00,94433.5,94434.7,94433.4,94434.6,6.328,597577.4351
63,2024-12-28 16:42:00,94438.4,94438.4,94434.6,94434.7,8.158,770418.6326
64,2024-12-28 16:43:00,94455.9,94455.9,94448.6,94448.7,11.817,1116175.2388
65,2024-12-28 16:44:00,94434.6,94441.8,94432.9,94441.7,17.582,1660404.7887
66,2024-12-28 16:45:00,94441.8,94445.0,94441.7,94445.0,8.176,772162.8793
67,2024-12-28 16:46:00,94449.0,94449.0,94434.1,94434.1,9.524,899450.017
68,2024-12-28 16:47:00,94434.1,94434.2,94404.0,94434.1,17.38,1640895.9522
69,2024-12-28 16:48:00,94449.0,94449.0,94430.1,94441.9,11.229,1060493.041
70,2024-12-28 16:49:00,94442.0,94444.8,94430.4,94444.8,11.673,1102392.7293
71,2024-12-28 16:50:00,94444.8,94466.8,94444.7,94466.8,24.153,2281407.519
72,2024-12-28 16:51:00,94466.8,94475.0,94466.7,94474.9,14.788,1397045.3127
73,2024-12-28 16:52:00,94475.0,94499.2,94475.0,94489.8,33.937,3206720.8072
74,2024-12-28 16:53:00,94489.9,94489.9,94450.0,94453.1,25.153,2376147.3231
75,2024-12-28 16:55:00,94426.5,94426.5,94426.4,94426.4,0.508,47968.6389
76,2024-12-28 16:56:00,94449.9,94450.0,94449.9,94450.0,0.977,92277.6164
77,2024-12-28 16:57:00,94441.8,94444.2,94441.8,94444.2,1.313,124002.2095
78,2024-12-28 16:58:00,94453.1,94453.1,94453.0,94453.0,0.814,76884.7629
79,2024-12-28 16:59:00,94439.7,94446.5,94439.7,94446.4,1.768,166977.2126
80,2024-12-28 17:00:00,94446.4,94446.4,94437.5,94440.7,12.25,1156893.4445
81,2024-12-28 17:01:00,94465.2,94490.2,94465.2,94490.2,18.704,1767167.599
82,2024-12-28 17:02:00,94498.0,94500.0,94497.9,94500.0,15.985,1510574.2618
83,2024-12-28 17:03:00,94513.9,94520.0,94513.9,94514.0,19.297,1823879.627
84,2024-12-28 17:04:00,94499.6,94500.0,94499.5,94499.9,3.003,283783.2892
85,2024-12-28 17:05:00,94500.9,94524.9,94500.9,94524.9,22.276,2105422.541
86,2024-12-28 17:06:00,94529.8,94578.2,94529.8,94578.1,135.153,12778626.2541
87,2024-12-28 17:07:00,94572.3,94586.8,94572.2,94586.7,28.135,2660869.29
88,2024-12-28 17:08:00,94592.2,94592.3,94575.3,94577.3,59.093,5589173.4628
89,2024-12-28 17:09:00,94535.5,94535.6,94513.2,94515.2,48.122,4548508.7287
90,2024-12-28 17:10:00,94515.1,94525.7,94515.1,94522.0,13.368,1263557.6583
91,2024-12-28 17:11:00,94519.9,94519.9,94519.8,94519.9,7.418,701148.039
92,2024-12-28 17:12:00,94519.9,94519.9,94519.8,94519.8,13.388,1265431.8472
93,2024-12-28 17:13:00,94519.9,94519.9,94474.3,94474.4,30.51,2883197.1374
94,2024-12-28 17:14:00,94474.3,94474.4,94457.6,94463.8,21.63,2043245.4608
95,2024-12-28 17:16:00,94555.1,94555.2,94555.1,94555.1,0.03,2836.6552
96,2024-12-28 17:17:00,94600.0,94600.0,94599.9,94599.9,1.36,128655.8829
97,2024-12-28 17:18:00,94591.2,94591.2,94577.9,94577.9,4.858,459517.0287
98,2024-12-28 17:19:00,94587.9,94588.0,94587.9,94588.0,1.364,129017.9296
99,2024-12-28 17:20:00,94594.8,94600.0,94594.7,94600.0,8.526,806543.4528
100,2024-12-28 17:21:00,94617.5,94620.5,94617.4,94620.4,14.178,1341521.4112
101,2024-12-28 17:22:00,94610.0,94610.0,94604.1,94604.4,7.066,668496.778
102,2024-12-28 17:23:00,94610.0,94615.0,94609.9,94615.0,8.732,826156.9288
103,2024-12-28 17:24:00,94614.9,94615.0,94614.9,94614.9,6.522,617078.888
104,2024-12-28 17:25:00,94615.0,94615.0,94610.0,94615.0,5.596,529453.6483
105,2024-12-28 17:26:00,94591.9,94591.9,94591.8,94591.8,5.931,561024.0436
106,2024-12-28 17:27:00,94575.0,94647.4,94574.9,94647.4,47.898,4532116.6994
107,2024-12-28 17:28:00,94632.2,94637.1,94608.1,94608.2,21.532,2037489.0683
108,2024-12-28 17:29:00,94600.0,94600.0,94557.7,94557.7,38.411,3633146.2625
109,2024-12-28 17:30:00,94545.4,94610.8,94545.4,94608.6,34.421,3255529.4196
110,2024-12-28 17:31:00,94582.7,94595.4,94563.7,94564.1,21.875,2068858.5377
111,2024-12-28 17:32:00,94569.3,94607.2,94551.2,94602.6,35.276,3336176.3217
112,2024-12-28 17:33:00,94602.5,94628.6,94602.5,94628.6,27.77,2627512.0808
113,2024-12-28 17:34:00,94637.3,94637.4,94619.9,94620.0,17.028,1611289.7964
114,2024-12-28 17:35:00,94619.9,94636.2,94619.9,94633.9,24.966,2362559.7232
115,2024-12-28 17:36:00,94633.9,94655.0,94626.1,94645.3,54.285,5137669.3456
116,2024-12-28 17:38:00,94605.5,94605.6,94603.2,94603.2,4.275,404438.4305
117,2024-12-28 17:39:00,94578.3,94592.3,94578.3,94583.7,2.971,281019.3602
118,2024-12-28 17:40:00,94560.1,94568.1,94560.0,94568.1,4.63,437815.749
119,2024-12-28 17:41:00,94568.0,94568.1,94568.0,94568.0,4.815,455345.347
120,2024-12-28 17:42:00,94560.0,94564.6,94560.0,94564.6,3.277,309885.7479
121,2024-12-28 17:43:00,94571.0,94571.0,94564.5,94564.5,6.009,568265.6238
122,2024-12-28 17:44:00,94562.7,94562.7,94562.6,94562.6,3.965,374940.9448
123,2024-12-28 17:45:00,94571.1,94597.6,94571.0,94593.8,18.834,1781368.3166
124,2024-12-28 17:46:00,94600.0,94600.0,94571.0,94571.0,11.768,1113154.6881
125,2024-12-28 17:47:00,94581.3,94609.1,94569.2,94608.8,48.284,4566821.4557
126,2024-12-28 17:48:00,94600.2,94606.3,94600.1,94606.3,5.693,538560.8502
127,2024-12-28 17:49:00,94600.1,94616.0,94600.1,94616.0,8.655,818837.1381
128,2024-12-28 17:50:00,94616.0,94628.4,94594.7,94594.7,30.852,2919206.1227
129,2024-12-28 17:51:00,94592.1,94611.9,94592.1,94606.3,10.709,1013069.2467
130,2024-12-28 17:52:00,94600.1,94600.1,94580.0,94600.0,8.751,827760.5939
131,2024-12-28 17:53:00,94599.9,94607.8,94587.5,94607.7,17.011,1609216.9801
132,2024-12-28 17:54:00,94607.7,94635.0,94607.7,94622.2,19.14,1811082.9514
133,2024-12-28 17:55:00,94622.2,94635.0,94600.0,94604.8,47.794,4522524.4292
134,2024-12-28 17:56:00,94610.4,94645.1,94610.4,94630.6,49.847,4717094.9307
135,2024-12-28 17:57:00,94630.9,94631.0,94630.9,94630.9,19.021,1799974.8567
136,2024-12-28 17:59:00,94581.5,94581.5,94574.6,94574.6,3.374,319106.5848
137,2024-12-28 18:00:00,94541.9,94568.0,94541.8,94568.0,8.962,847333.1763
138,2024-12-28 18:01:00,94608.9,94635.0,94608.9,94634.9,9.583,906816.938
139,2024-12-28 18:02:00,94607.2,94607.3,94596.3,94596.4,4.322,408867.9021
140,2024-12-28 18:03:00,94607.2,94607.2,94597.6,94597.7,3.284,310671.7303
141,2024-12-28 18:04:00,94578.9,94586.1,94578.8,94580.6,7.429,702646.3614
142,2024-12-28 18:05:00,94578.6,94578.6,94560.2,94568.7,9.82,928638.4074
143,2024-12-28 18:06:00,94599.0,94609.7,94591.9,94592.0,8.309,786057.7873
144,2024-12-28 18:07:00,94554.8,94554.9,94532.3,94532.3,18.2,1720729.9763
145,2024-12-28 18:08:00,94578.3,94587.6,94578.2,94578.3,9.067,857602.1767
146,2024-12-28 18:09:00,94573.1,94580.4,94573.1,94580.4,8.416,795964.024
147,2024-12-28 18:10:00,94580.4,94600.0,94580.4,94590.0,11.268,1065900.7628
148,2024-12-28 18:11:00,94571.2,94598.0,94558.3,94598.0,12.646,1195950.1637
149,2024-12-28 18:12:00,94589.2,94594.6,94578.8,94578.9,8.115,767585.7589
150,2024-12-28 18:13:00,94582.4,94582.5,94567.0,94567.1,6.18,584484.5497
151,2024-12-28 18:14:00,94532.7,94532.7,94528.8,94528.9,18.988,1794965.7808
152,2024-12-28 18:15:00,94516.1,94523.7,94510.0,94510.0,32.844,3104332.0176
153,2024-12-28 18:16:00,94510.0,94510.1,94464.7,94464.8,58.445,5522468.7506
154,2024-12-28 18:17:00,94464.7,94525.0,94460.0,94524.9,52.618,4970826.7358
155,2024-12-28 18:18:00,94520.2,94520.2,94479.3,94479.6,23.88,2256459.9842
156,2024-12-28 18:20:00,94470.2,94470.2,94470.1,94470.2,0.048,4534.5673
157,2024-12-28 18:21:00,94493.7,94493.8,94493.7,94493.8,0.077,7276.0182
158,2024-12-28 18:22:00,94531.1,94538.5,94531.0,94538.4,6.927,654819.8799
159,2024-12-28 18:23:00,94550.0,94568.0,94549.9,94567.9,10.011,946575.7403
160,2024-12-28 18:24:00,94557.4,94557.4,94557.3,94557.4,1.311,123964.7081
161,2024-12-28 18:25:00,94557.4,94557.4,94557.3,94557.3,1.934,182873.8778
162,2024-12-28 18:26:00,94569.4,94596.0,94569.3,94595.9,10.66,1008212.1533
163,2024-12-28 18:27:00,94620.0,94621.3,94619.9,94621.2,10.14,959447.578
164,2024-12-28 18:28:00,94616.5,94645.1,94616.4,94645.1,31.663,2996361.1653
165,2024-12-28 18:29:00,94652.4,94652.4,94640.4,94640.4,18.57,1757625.8302
166,2024-12-28 18:30:00,94635.6,94659.2,94623.2,94649.0,60.837,5757801.8802
167,2024-12-28 18:31:00,94655.0,94655.2,94651.8,94655.2,18.971,1795692.1292
168,2024-12-28 18:32:00,94655.1,94666.0,94655.1,94666.0,13.03,1233447.4406
169,2024-12-28 18:33:00,94665.9,94677.2,94642.1,94642.1,76.908,7280505.0965
170,2024-12-28 18:34:00,94622.7,94622.7,94585.5,94587.5,30.664,2900844.3552
171,2024-12-28 18:35:00,94584.0,94593.0,94545.8,94570.0,95.134,8996367.4238
172,2024-12-28 18:36:00,94580.3,94597.7,94580.2,94587.7,14.888,1408283.3064
173,2024-12-28 18:37:00,94576.9,94587.8,94499.8,94542.5,123.099,11636505.4868
174,2024-12-28 18:38:00,94545.8,94558.0,94534.1,94558.0,25.105,2373565.8618
175,2024-12-28 18:40:00,94587.7,94587.7,94587.6,94587.7,0.04,3783.5078
176,2024-12-28 18:41:00,94588.4,94588.4,94588.3,94588.4,3.231,305615.1089
177,2024-12-28 18:42:00,94608.8,94622.6,94608.7,94622.6,4.22,399255.5085
178,2024-12-28 18:43:00,94629.9,94630.0,94629.9,94630.0,1.513,143175.1187
179,2024-12-28 18:44:00,94613.4,94613.4,94613.3,94613.3,0.872,82502.8139
180,2024-12-28 18:45:00,94613.4,94613.4,94613.3,94613.4,1.429,135202.4249
181,2024-12-28 18:46:00,94618.3,94618.3,94611.8,94611.8,3.963,374964.4105
182,2024-12-28 18:47:00,94597.7,94635.0,94597.6,94635.0,59.149,5596345.0745
183,2024-12-28 18:48:00,94631.8,94637.3,94619.1,94631.8,7.773,735502.8621
184,2024-12-28 18:49:00,94650.0,94666.3,94649.9,94666.3,26.655,2523236.7404
185,2024-12-28 18:50:00,94666.3,94666.3,94641.2,94641.2,13.06,1236148.874
186,2024-12-28 18:51:00,94622.1,94641.0,94616.6,94616.6,6.437,609108.7475
187,2024-12-28 18:52:00,94600.9,94601.8,94589.1,94589.2,18.577,1757350.987
188,2024-12-28 18:53:00,94624.8,94645.7,94624.7,94645.7,7.622,721370.793
189,2024-12-28 18:54:00,94647.7,94658.8,94647.6,94658.8,9.973,943988.0727
190,2024-12-28 18:55:00,94658.7,94658.8,94628.8,94635.5,18.781,1777623.4383
191,2024-12-28 18:56:00,94625.4,94631.7,94591.0,94591.1,23.279,2202582.6447
192,2024-12-28 18:57:00,94560.0,94578.8,94550.0,94552.0,34.934,3303486.0071
193,2024-12-28 18:58:00,94551.9,94578.8,94551.9,94575.9,28.166,2663751.5639
194,2024-12-28 18:59:00,94575.9,94585.8,94562.6,94585.8,18.851,1782822.0103
195,2024-12-28 19:00:00,94585.8,94598.0,94585.6,94597.9,20.32,1922006.1704
196,2024-12-28 19:02:00,94581.0,94581.0,94581.0,94581.0,0.001,94.581
197,2024-12-28 19:03:00,94597.8,94597.8,94597.7,94597.7,3.434,324848.5044
198,2024-12-28 19:04:00,94593.5,94600.6,94593.5,94600.6,2.254,213215.5794
199,2024-12-28 19:05:00,94584.6,94584.6,94566.5,94566.5,3.64,344276.7683
200,2024-12-28 19:06:00,94569.8,94593.0,94569.7,94593.0,16.829,1591608.0698
201,2024-12-28 19:07:00,94569.1,94597.2,94569.0,94597.1,4.399,416063.149
202,2024-12-28 19:08:00,94587.2,94589.1,94587.2,94589.1,1.82,172150.8496
203,2024-12-28 19:09:00,94590.4,94590.5,94590.3,94590.5,3.711,351024.988
204,2024-12-28 19:10:00,94598.5,94602.2,94598.4,94602.2,6.703,634101.8131
205,2024-12-28 19:11:00,94619.6,94643.3,94619.5,94641.4,27.539,2605894.0905
206,2024-12-28 19:12:00,94625.6,94625.7,94625.6,94625.6,3.01,284823.2537
207,2024-12-28 19:13:00,94624.8,94624.8,94624.7,94624.7,1.581,149601.7325
208,2024-12-28 19:14:00,94653.0,94653.0,94629.6,94629.7,28.612,2707928.1439
209,2024-12-28 19:15:00,94636.4,94661.0,94636.4,94660.9,16.832,1593057.1846
210,2024-12-28 19:16:00,94661.0,94675.0,94660.9,94674.9,26.922,2548660.7936
211,2024-12-28 19:17:00,94674.9,94675.2,94665.5,94666.5,31.442,2976650.8176
212,2024-12-28 19:18:00,94666.5,94671.4,94610.6,94610.6,23.066,2183099.7045
213,2024-12-28 19:19:00,94608.0,94650.1,94602.1,94650.0,24.447,2313389.1571
214,2024-12-28 19:20:00,94650.1,94657.1,94600.0,94657.1,58.909,5574132.5736
215,2024-12-28 19:21:00,94659.9,94664.5,94643.5,94660.2,48.343,4575775.9546
216,2024-12-28 19:23:00,94638.2,94638.2,94638.1,94638.2,0.183,17318.7743
217,2024-12-28 19:24:00,94609.1,94609.1,94600.0,94600.0,3.544,335292.0155
218,2024-12-28 19:25:00,94639.4,94639.5,94631.8,94631.9,1.4,132489.1282
219,2024-12-28 19:26:00,94621.1,94621.1,94621.0,94621.1,0.965,91309.2773
220,2024-12-28 19:27:00,94625.8,94633.8,94625.8,94633.8,2.323,219817.5088
221,2024-12-28 19:28:00,94674.9,94687.1,94655.3,94678.4,36.153,3422782.7554
222,2024-12-28 19:29:00,94676.9,94687.1,94676.9,94687.0,8.34,789640.5873
223,2024-12-28 19:30:00,94699.9,94740.0,94691.4,94733.0,187.888,17796607.7034
224,2024-12-28 19:31:00,94710.5,94716.1,94692.4,94692.4,20.129,1906406.3735
225,2024-12-28 19:32:00,94653.7,94655.9,94627.4,94627.4,32.493,3075440.2994
226,2024-12-28 19:33:00,94638.6,94658.0,94638.5,94658.0,21.7,2053802.8661
227,2024-12-28 19:34:00,94660.0,94691.9,94657.0,94684.3,29.047,2749808.7612
228,2024-12-28 19:35:00,94671.5,94691.9,94645.7,94645.7,15.28,1446731.2044
229,2024-12-28 19:36:00,94649.3,94650.9,94643.1,94645.1,13.928,1318266.1532
230,2024-12-28 19:37:00,94649.1,94657.8,94645.5,94648.6,16.336,1546192.7712
231,2024-12-28 19:38:00,94649.9,94658.9,94636.2,94639.3,21.358,2021430.7867
232,2024-12-28 19:39:00,94639.4,94650.0,94639.3,94649.9,12.027,1138297.917
233,2024-12-28 19:40:00,94650.0,94650.0,94640.8,94650.0,19.416,1837713.8934
234,2024-12-28 19:42:00,94691.9,94691.9,94691.8,94691.8,0.062,5870.8949
235,2024-12-28 19:43:00,94657.7,94657.8,94657.7,94657.7,0.516,48843.3869
236,2024-12-28 19:44:00,94657.6,94657.7,94657.6,94657.7,2.649,250748.2069
237,2024-12-28 19:45:00,94663.9,94671.1,94663.9,94671.1,9.895,936708.7305
238,2024-12-28 19:46:00,94651.6,94651.7,94650.0,94650.0,9.189,869747.1986
239,2024-12-28 19:47:00,94659.3,94659.3,94651.7,94651.7,14.837,1404416.3033
240,2024-12-28 19:48:00,94649.2,94649.2,94639.6,94639.7,5.423,513256.334
241,2024-12-28 19:49:00,94607.2,94607.2,94602.5,94607.2,14.826,1402612.8117
242,2024-12-28 19:50:00,94625.0,94649.8,94624.9,94649.7,10.336,978199.1923
243,2024-12-28 19:51:00,94649.8,94649.8,94649.7,94649.7,1.948,184377.7047
244,2024-12-28 19:52:00,94694.2,94716.0,94694.1,94715.9,15.43,1461334.6484
245,2024-12-28 19:53:00,94708.1,94730.0,94708.0,94721.0,27.967,2649141.3932
246,2024-12-28 19:54:00,94700.0,94728.6,94700.0,94728.5,23.833,2257288.6053
247,2024-12-28 19:55:00,94732.8,94836.6,94732.7,94811.7,311.315,29511762.7255
248,2024-12-28 19:56:00,94800.1,94839.1,94800.0,94839.1,75.874,7194547.6946
249,2024-12-28 19:57:00,94788.6,94788.6,94700.0,94711.2,133.372,12635619.7022
250,2024-12-28 19:58:00,94721.0,94738.0,94714.2,94716.9,39.646,3755546.0865
251,2024-12-28 19:59:00,94711.4,94713.4,94711.3,94713.4,12.112,1147152.004
252,2024-12-28 20:00:00,94711.3,94739.6,94711.3,94739.6,57.283,5425822.7361
253,2024-12-28 20:01:00,94739.6,94782.4,94739.5,94739.6,58.723,5564944.4312
254,2024-12-28 20:02:00,94720.8,94732.8,94647.9,94732.8,122.016,11553107.885
255,2024-12-28 20:03:00,94732.8,94781.7,94706.6,94735.1,53.564,5074865.375
256,2024-12-28 20:05:00,94787.2,94797.9,94787.1,94791.9,4.463,423047.3285
257,2024-12-28 20:06:00,94810.0,94810.0,94809.9,94810.0,1.749,165822.6496
258,2024-12-28 20:07:00,94809.3,94810.0,94801.3,94807.5,6.196,587426.9055
259,2024-12-28 20:08:00,94821.6,94821.6,94810.0,94810.0,25.486,2416517.2959
260,2024-12-28 20:09:00,94780.4,94796.5,94769.1,94791.3,39.036,3699995.0705
261,2024-12-28 20:10:00,94759.3,94765.2,94759.3,94765.2,7.654,725295.9522
262,2024-12-28 20:11:00,94780.9,94784.6,94768.9,94772.9,24.958,2365544.7179
263,2024-12-28 20:12:00,94750.0,94773.0,94742.3,94758.7,15.942,1510576.4877
264,2024-12-28 20:13:00,94736.3,94746.6,94736.3,94746.5,13.474,1276569.586
265,2024-12-28 20:14:00,94728.9,94744.4,94728.8,94744.4,12.844,1216855.5894
266,2024-12-28 20:15:00,94717.1,94733.5,94700.1,94700.1,16.83,1594064.5501
267,2024-12-28 20:16:00,94666.9,94687.7,94649.6,94687.7,71.902,6806218.5685
268,2024-12-28 20:17:00,94687.7,94687.8,94664.0,94664.0,13.227,1252321.9377
269,2024-12-28 20:18:00,94630.2,94687.1,94630.2,94646.2,46.961,4445374.2835
270,2024-12-28 20:19:00,94675.0,94698.9,94671.0,94698.9,21.911,2074505.2674
271,2024-12-28 20:20:00,94698.8,94700.0,94666.0,94672.9,18.485,1750295.2048
272,2024-12-28 20:21:00,94666.1,94687.0,94666.0,94678.5,16.266,1539958.5997
273,2024-12-28 20:22:00,94678.5,94700.0,94678.4,94690.9,10.654,1008893.3165
274,2024-12-28 20:23:00,94699.9,94727.5,94699.9,94700.0,15.949,1510496.2981
275,2024-12-28 20:24:00,94700.0,94713.5,94647.3,94653.8,79.323,7509584.1332
276,2024-12-28 20:26:00,94642.6,94642.7,94628.6,94628.7,3.164,299417.7842
277,2024-12-28 20:27:00,94589.1,94589.2,94589.1,94589.2,1.994,188610.6987
278,2024-12-28 20:28:00,94597.4,94610.5,94597.3,94610.5,12.057,1140649.875
279,2024-12-28 20:29:00,94593.0,94615.9,94592.9,94615.9,3.969,375457.1432
280,2024-12-28 20:30:00,94605.6,94605.7,94603.0,94605.7,6.693,633187.376
281,2024-12-28 20:31:00,94608.8,94615.8,94589.8,94589.9,12.825,1213318.1341
282,2024-12-28 20:32:00,94659.2,94681.3,94659.1,94681.3,22.179,2099712.8666
283,2024-12-28 20:33:00,94681.3,94681.3,94681.2,94681.3,2.953,279593.7384
284,2024-12-28 20:34:00,94681.3,94683.3,94659.2,94673.4,5.828,551765.6229
285,2024-12-28 20:35:00,94664.7,94664.7,94629.4,94632.5,8.916,843913.9018
286,2024-12-28 20:36:00,94661.5,94673.4,94660.0,94660.0,6.976,660403.5317
287,2024-12-28 20:37:00,94678.1,94678.2,94627.7,94627.7,19.796,1873461.5146
288,2024-12-28 20:38:00,94627.9,94639.0,94621.8,94622.0,8.869,839252.1391
289,2024-12-28 20:39:00,94606.9,94659.2,94606.8,94659.2,13.443,1272171.2978
290,2024-12-28 20:40:00,94659.2,94669.3,94640.3,94669.3,12.176,1152507.5694
291,2024-12-28 20:41:00,94652.2,94652.2,94636.0,94636.0,9.08,859365.4213
292,2024-12-28 20:42:00,94628.8,94639.0,94601.0,94601.0,8.905,842585.0631
293,2024-12-28 20:43:00,94606.9,94610.0,94589.9,94589.9,25.768,2437621.3577
294,2024-12-28 20:44:00,94591.0,94600.0,94582.3,94582.3,38.464,3638296.625
295,2024-12-28 20:45:00,94600.0,94600.0,94595.1,94595.2,24.444,2312375.3371
296,2024-12-28 20:46:00,94595.2,94600.0,94584.8,94591.8,23.656,2237617.4492
297,2024-12-28 20:48:00,94592.2,94592.2,94592.2,94592.2,0.017,1608.0674
298,2024-12-28 20:49:00,94578.8,94578.9,94578.8,94578.9,0.317,29981.4958
299,2024-12-28 20:50:00,94586.5,94586.6,94579.3,94579.3,16.0,1513355.5934
300,2024-12-28 20:51:00,94629.5,94629.5,94629.4,94629.5,2.131,201655.3998
301,2024-12-28 20:52:00,94619.0,94619.0,94591.8,94591.8,10.661,1008655.876
302,2024-12-28 20:53:00,94587.5,94587.5,94587.4,94587.5,2.912,275438.5489
303,2024-12-28 20:54:00,94592.1,94600.0,94592.0,94599.9,5.384,509307.6826
304,2024-12-28 20:55:00,94564.0,94573.6,94561.0,94569.8,9.893,935568.9544
305,2024-12-28 20:56:00,94552.0,94578.5,94552.0,94574.3,29.37,2777078.1165
306,2024-12-28 20:57:00,94565.4,94565.5,94563.8,94563.8,3.313,313295.1225
307,2024-12-28 20:58:00,94566.0,94600.0,94566.0,94600.0,7.82,739682.2098
308,2024-12-28 20:59:00,94600.0,94600.0,94569.8,94569.8,14.161,1339380.5318
309,2024-12-28 21:00:00,94552.1,94570.0,94513.8,94570.0,120.691,11409586.7704
310,2024-12-28 21:01:00,94605.0,94627.0,94601.9,94616.6,15.805,1495320.0096
311,2024-12-28 21:02:00,94608.2,94620.6,94550.1,94566.6,26.701,2525616.2179
312,2024-12-28 21:03:00,94559.0,94573.4,94512.6,94565.4,47.499,4490537.565
313,2024-12-28 21:04:00,94554.3,94554.4,94528.2,94533.2,22.762,2151825.6137
314,2024-12-28 21:05:00,94504.0,94543.5,94480.0,94543.3,127.44,12043960.636
315,2024-12-28 21:06:00,94546.2,94569.3,94535.8,94569.3,10.326,976367.9816
316,2024-12-28 21:07:00,94569.3,94615.3,94569.2,94615.3,14.416,1363593.9769
317,2024-12-28 21:08:00,94621.4,94655.9,94621.4,94648.1,27.738,2625172.2656
318,2024-12-28 21:10:00,94674.3,94674.3,94674.2,94674.2,1.392,131786.6152
319,2024-12-28 21:11:00,94693.0,94693.1,94692.4,94692.5,2.431,230198.1158
320,2024-12-28 21:12:00,94701.8,94701.8,94697.1,94697.1,2.651,251054.0264
321,2024-12-28 21:13:00,94673.0,94677.1,94672.9,94677.1,3.839,363452.5131
322,2024-12-28 21:14:00,94687.1,94700.0,94687.0,94700.0,7.273,688707.9842
323,2024-12-28 21:15:00,94683.0,94700.0,94682.9,94697.4,13.472,1275771.6955
324,2024-12-28 21:16:00,94707.3,94707.4,94690.5,94690.6,20.454,1936969.5971
325,2024-12-28 21:17:00,94652.6,94652.6,94624.5,94624.5,4.905,464168.7755
326,2024-12-28 21:18:00,94630.7,94649.8,94630.6,94630.6,5.159,488244.7481
327,2024-12-28 21:19:00,94621.6,94675.3,94621.5,94675.2,18.631,1763397.4387
328,2024-12-28 21:20:00,94692.4,94697.8,94687.2,94697.8,8.763,829790.8508
329,2024-12-28 21:21:00,94697.8,94697.8,94697.7,94697.8,5.259,498015.5826
330,2024-12-28 21:22:00,94697.7,94697.8,94697.7,94697.8,5.036,476897.8712
331,2024-12-28 21:23:00,94705.0,94713.1,94704.9,94713.1,12.208,1156204.8781
332,2024-12-28 21:24:00,94713.7,94713.7,94693.2,94705.0,30.267,2866310.3029
333,2024-12-28 21:25:00,94694.9,94697.8,94684.9,94685.0,8.607,815016.333
334,2024-12-28 21:26:00,94654.6,94657.5,94621.0,94633.0,16.223,1535201.3893
335,2024-12-28 21:27:00,94632.9,94654.8,94629.7,94654.8,16.714,1581782.0965
336,2024-12-28 21:28:00,94656.9,94678.2,94654.7,94678.1,17.163,1624668.5612
337,2024-12-28 21:29:00,94649.8,94654.0,94640.3,94645.1,9.676,915811.39
338,2024-12-28 21:30:00,94645.0,94645.1,94617.8,94617.8,24.724,2339614.2603
339,2024-12-28 21:31:00,94611.1,94623.6,94583.6,94603.2,47.597,4502650.524
340,2024-12-28 21:33:00,94628.3,94628.3,94628.3,94628.3,0.011,1040.9113
341,2024-12-28 21:34:00,94587.4,94590.4,94587.3,94590.4,2.118,200336.0716
342,2024-12-28 21:35:00,94686.1,94686.1,94686.0,94686.1,2.23,211149.9418
343,2024-12-28 21:36:00,94707.3,94707.4,94707.3,94707.4,1.848,175019.1405
344,2024-12-28 21:37:00,94669.8,94669.8,94652.8,94669.3,9.127,863989.94
345,2024-12-28 21:38:00,94669.3,94669.3,94647.3,94647.3,17.148,1623318.3192
346,2024-12-28 21:39:00,94620.8,94625.4,94601.7,94615.7,22.273,2107409.8941
347,2024-12-28 21:40:00,94601.6,94601.7,94582.8,94582.8,22.383,2117302.6633
348,2024-12-28 21:41:00,94582.9,94609.9,94582.8,94607.1,24.565,2323784.6916
349,2024-12-28 21:43:00,94565.1,94565.1,94565.0,94565.1,2.11,199532.311
350,2024-12-28 21:44:00,94506.9,94511.4,94505.0,94505.0,7.106,671570.059
351,2024-12-28 21:45:00,94515.3,94515.3,94515.0,94515.1,2.063,194984.5393
352,2024-12-28 21:46:00,94547.7,94547.8,94547.6,94547.7,4.373,413457.1042
353,2024-12-28 21:47:00,94546.4,94546.4,94546.3,94546.4,1.604,151652.3739
354,2024-12-28 21:48:00,94556.9,94556.9,94500.0,94500.0,15.404,1456012.253
355,2024-12-28 21:49:00,94461.9,94506.4,94461.8,94506.4,15.485,1463087.1417
356,2024-12-28 21:50:00,94507.9,94566.0,94507.8,94551.0,56.796,5368787.4924
357,2024-12-28 21:51:00,94609.6,94653.3,94609.5,94638.1,136.707,12936527.9418
358,2024-12-28 21:52:00,94594.6,94625.2,94591.4,94625.2,18.624,1761916.4974
359,2024-12-28 21:53:00,94594.9,94594.9,94560.0,94574.3,19.788,1871462.1065
360,2024-12-28 21:54:00,94613.6,94613.7,94575.5,94575.6,12.586,1190672.2292
361,2024-12-28 21:55:00,94585.0,94610.0,94585.0,94610.0,9.711,918650.1393
362,2024-12-28 21:56:00,94666.8,94675.8,94658.8,94666.6,34.31,3247993.6037
363,2024-12-28 21:57:00,94649.2,94649.3,94639.6,94639.7,6.874,650589.2578
364,2024-12-28 21:58:00,94649.2,94655.0,94649.1,94655.0,6.273,593743.0145
365,2024-12-28 21:59:00,94660.9,94670.0,94626.0,94626.1,43.863,4152170.7776
366,2024-12-28 22:00:00,94622.5,94656.8,94608.5,94656.8,33.113,3133529.1845
367,2024-12-28 22:01:00,94648.2,94667.5,94627.7,94627.7,53.701,5083247.6998
368,2024-12-28 22:03:00,94555.3,94564.6,94555.3,94564.6,2.637,249350.6639
369,2024-12-28 22:04:00,94611.2,94611.2,94606.0,94606.1,2.238,211739.5134
370,2024-12-28 22:05:00,94646.0,94646.2,94646.0,94646.2,2.778,262926.8681
371,2024-12-28 22:06:00,94667.0,94675.0,94667.0,94675.0,11.175,1057971.8432
372,2024-12-28 22:07:00,94668.7,94668.8,94663.9,94663.9,5.18,490360.023
373,2024-12-28 22:08:00,94670.8,94670.8,94652.5,94652.5,37.378,3538422.7399
374,2024-12-28 22:09:00,94658.9,94658.9,94658.7,94658.8,5.745,543815.1767
375,2024-12-28 22:10:00,94670.1,94686.1,94670.0,94679.8,13.108,1241055.979
376,2024-12-28 22:11:00,94706.9,94706.9,94680.2,94685.5,36.091,3417534.338
377,2024-12-28 22:12:00,94724.0,94750.0,94724.0,94749.9,27.333,2589576.7604
378,2024-12-28 22:13:00,94749.9,94777.5,94749.9,94777.5,28.314,2682934.4027
379,2024-12-28 22:14:00,94815.1,94840.0,94815.0,94834.7,153.337,14540358.81
380,2024-12-28 22:15:00,94849.5,94928.0,94840.1,94928.0,247.691,23502112.7883
381,2024-12-28 22:16:00,94978.9,95171.4,94972.9,95143.5,801.157,76178128.9232
382,2024-12-28 22:17:00,95058.2,95100.9,95005.6,95055.8,241.532,22959230.7201
383,2024-12-28 22:18:00,95140.9,95165.7,95050.0,95073.8,229.126,21792094.2343
384,2024-12-28 22:19:00,95092.9,95136.3,95057.9,95124.3,196.036,18641011.5101
385,2024-12-28 22:20:00,95100.0,95150.0,95088.6,95123.4,166.533,15841054.5353
386,2024-12-28 22:21:00,95109.2,95133.7,95036.0,95086.3,178.094,16931875.9379
387,2024-12-28 22:22:00,95110.1,95160.3,95070.0,95070.1,169.489,16119088.6763
388,2024-12-28 22:23:00,95087.3,95346.1,95087.3,95257.5,1039.575,98998876.3477
389,2024-12-28 22:24:00,95233.7,95260.0,95170.0,95224.9,223.685,21297759.7531
390,2024-12-28 22:26:00,95170.9,95170.9,95163.3,95163.4,7.281,692937.1256
391,2024-12-28 22:27:00,95040.0,95040.0,95004.6,95011.7,35.074,3332641.5371
392,2024-12-28 22:28:00,94957.7,94968.2,94933.0,94936.3,49.652,4714256.1926
393,2024-12-28 22:29:00,94920.7,94937.5,94919.3,94935.2,16.905,1604749.9672
394,2024-12-28 22:30:00,94847.3,94884.5,94844.4,94884.5,76.926,7297293.1389
395,2024-12-28 22:31:00,94759.2,94759.3,94647.9,94697.0,223.57,21168992.7719
396,2024-12-28 22:32:00,94721.4,94742.5,94700.0,94706.2,35.522,3364740.6236
397,2024-12-28 22:33:00,94734.9,94835.9,94723.8,94827.9,73.427,6959714.8334
398,2024-12-28 22:34:00,94911.0,94930.2,94798.5,94820.1,123.793,11743916.6167
399,2024-12-28 22:35:00,94725.5,94766.4,94680.0,94766.3,103.068,9760124.8591
400,2024-12-28 22:36:00,94743.0,94766.4,94702.5,94702.6,69.759,6608785.4424
401,2024-12-28 22:37:00,94760.3,94769.9,94738.0,94751.9,19.209,1820247.0358
402,2024-12-28 22:38:00,94758.6,94758.6,94716.0,94721.4,30.464,2886063.3528
403,2024-12-28 22:39:00,94725.9,94726.0,94667.9,94667.9,63.041,5969453.9842
404,2024-12-28 22:40:00,94620.0,94658.0,94608.4,94612.7,64.781,6130334.0098
405,2024-12-28 22:41:00,94597.7,94660.0,94577.9,94599.2,104.265,9865958.3319
406,2024-12-28 22:42:00,94567.3,94611.0,94567.2,94570.1,67.349,6370303.0291
407,2024-12-28 22:43:00,94610.4,94635.2,94588.7,94627.7,47.031,4449674.0885
408,2024-12-28 22:44:00,94619.3,94638.3,94575.7,94575.7,94.965,8984675.102
409,2024-12-28 22:45:00,94576.9,94663.7,94576.9,94645.8,87.639,8292926.5293
410,2024-12-28 22:46:00,94640.1,94683.0,94614.9,94624.9,75.834,7177553.7397
411,2024-12-28 22:48:00,94492.6,94492.6,94489.7,94489.7,2.448,231311.2042
412,2024-12-28 22:49:00,94507.9,94525.3,94507.8,94525.3,4.127,390058.0582
413,2024-12-28 22:50:00,94479.5,94479.5,94458.6,94458.7,16.102,1521155.4671
414,2024-12-28 22:51:00,94437.0,94437.1,94387.1,94400.4,33.685,3180016.3967
415,2024-12-28 22:52:00,94470.8,94481.1,94424.1,94424.2,19.616,1852986.4559
416,2024-12-28 22:53:00,94436.2,94460.6,94410.1,94410.1,22.798,2153173.7285
417,2024-12-28 22:54:00,94405.1,94410.0,94395.6,94395.6,27.594,2605021.2342
418,2024-12-28 22:55:00,94470.0,94524.8,94469.9,94510.0,69.612,6579118.6698
419,2024-12-28 22:56:00,94461.9,94484.2,94441.7,94474.9,25.389,2398370.9795
420,2024-12-28 22:57:00,94488.9,94517.3,94488.8,94517.3,30.256,2859461.4546
421,2024-12-28 22:58:00,94514.0,94516.6,94476.7,94476.7,32.353,3057225.9931
422,2024-12-28 22:59:00,94522.0,94540.5,94508.3,94539.9,66.267,6264304.8852
423,2024-12-28 23:00:00,94540.5,94629.4,94540.4,94571.1,199.211,18844250.9524
424,2024-12-28 23:01:00,94550.6,94560.0,94519.4,94536.3,43.645,4126342.4494
425,2024-12-28 23:02:00,94473.4,94500.0,94450.0,94451.9,98.014,9259086.938
426,2024-12-28 23:03:00,94473.0,94550.1,94473.0,94550.1,49.235,4653633.2284
427,2024-12-28 23:04:00,94550.1,94600.0,94531.5,94590.3,55.361,5235564.8766
428,2024-12-28 23:05:00,94600.0,94650.2,94578.7,94616.9,101.143,9570306.4031
429,2024-12-28 23:06:00,94616.8,94713.5,94607.3,94713.4,133.737,12660129.7953
430,2024-12-28 23:07:00,94720.5,94720.5,94668.6,94693.1,81.249,7694607.5
431,2024-12-28 23:09:00,94672.5,94672.6,94672.5,94672.6,0.251,23762.8225
432,2024-12-28 23:10:00,94709.5,94709.6,94682.2,94682.2,3.734,353605.4745
433,2024-12-28 23:11:00,94595.3,94607.1,94595.3,94601.3,9.825,929469.5697
434,2024-12-28 23:12:00,94540.5,94550.0,94539.3,94549.9,11.495,1086817.095
435,2024-12-28 23:13:00,94560.0,94574.7,94550.0,94550.0,6.514,615961.4779
436,2024-12-28 23:14:00,94585.0,94585.1,94555.1,94555.1,6.4,605283.3809
437,2024-12-28 23:15:00,94599.0,94645.7,94599.0,94635.5,16.198,1532803.9438
438,2024-12-28 23:16:00,94597.9,94608.7,94555.0,94555.0,14.239,1346809.6985
439,2024-12-28 23:17:00,94540.9,94607.7,94540.8,94607.6,14.693,1389451.9975
440,2024-12-28 23:18:00,94613.6,94642.2,94598.4,94598.6,47.357,4480833.2217
441,2024-12-28 23:19:00,94597.5,94621.2,94585.8,94621.1,34.622,3275196.4932
442,2024-12-28 23:20:00,94629.9,94698.3,94629.9,94698.3,56.3,5330435.3726
443,2024-12-28 23:21:00,94700.1,94749.0,94692.3,94710.1,48.412,4585617.7159
444,2024-12-28 23:22:00,94690.9,94736.4,94667.2,94720.0,55.809,5285875.4931
445,2024-12-28 23:23:00,94734.8,94754.0,94725.5,94744.5,71.081,6734423.6859
446,2024-12-28 23:24:00,94772.9,94781.1,94761.8,94779.9,54.145,5131468.4942
447,2024-12-28 23:25:00,94740.1,94747.7,94700.0,94700.0,27.557,2610384.2898
448,2024-12-28 23:26:00,94710.0,94735.3,94678.2,94678.2,25.834,2446531.729
449,2024-12-28 23:27:00,94666.1,94677.1,94647.6,94666.0,55.394,5243775.0979
450,2024-12-28 23:28:00,94669.6,94672.2,94652.5,94658.2,12.552,1188242.8359
451,2024-12-28 23:29:00,94669.5,94697.9,94652.7,94662.6,36.335,3440040.6798
452,2024-12-28 23:31:00,94760.0,94760.0,94759.9,94760.0,2.491,236046.9411
453,2024-12-28 23:32:00,94692.4,94692.4,94673.5,94673.5,3.729,353092.4215
454,2024-12-28 23:33:00,94621.1,94621.2,94616.6,94616.6,3.267,309122.0081
455,2024-12-28 23:34:00,94626.5,94634.3,94620.2,94634.3,4.487,424592.6755
456,2024-12-28 23:35:00,94608.1,94626.0,94606.4,94625.9,17.553,1660682.4464
457,2024-12-28 23:36:00,94605.7,94619.2,94605.7,94619.2,6.592,623666.7069
458,2024-12-28 23:37:00,94580.1,94611.7,94580.1,94606.6,8.0,756767.5164
459,2024-12-28 23:38:00,94623.2,94630.8,94612.1,94614.0,13.203,1249287.0833
460,2024-12-28 23:39:00,94600.0,94600.1,94580.4,94580.4,8.886,840513.3284
461,2024-12-28 23:40:00,94584.5,94593.6,94577.1,94582.8,19.393,1834304.7219
462,2024-12-28 23:41:00,94582.8,94582.8,94580.4,94580.4,13.477,1274672.2404
463,2024-12-28 23:42:00,94580.6,94580.6,94565.3,94565.3,18.613,1760330.4544
464,2024-12-28 23:43:00,94581.2,94586.4,94559.6,94559.7,13.186,1246986.2481
465,2024-12-28 23:44:00,94559.7,94559.7,94534.0,94542.6,65.262,6170155.5135
466,2024-12-28 23:45:00,94527.7,94541.1,94522.0,94522.1,28.8,2722608.0545
467,2024-12-28 23:46:00,94508.3,94517.3,94450.0,94452.5,114.686,10836115.4745
468,2024-12-28 23:47:00,94441.0,94470.1,94408.9,94436.7,148.581,14032638.8495
469,2024-12-28 23:48:00,94436.8,94451.7,94430.0,94446.3,45.66,4312415.4319
470,2024-12-28 23:49:00,94450.1,94493.1,94450.0,94479.9,49.244,4652145.0102
471,2024-12-28 23:51:00,94406.0,94406.1,94406.0,94406.1,0.276,26056.0772
472,2024-12-28 23:52:00,94443.3,94443.4,94421.7,94421.8,6.974,658627.6284
473,2024-12-28 23:53:00,94438.8,94438.8,94410.4,94410.5,15.171,1432483.2852
474,2024-12-28 23:54:00,94388.8,94388.8,94388.7,94388.7,7.804,736609.5878
475,2024-12-28 23:55:00,94400.0,94405.2,94396.0,94396.1,7.928,748403.4518
476,2024-12-28 23:56:00,94370.1,94388.4,94320.0,94366.8,282.273,26633408.4645
477,2024-12-28 23:57:00,94414.9,94414.9,94348.1,94348.1,22.285,2103252.3429
478,2024-12-28 23:58:00,94366.5,94372.1,94353.0,94357.6,21.609,2039166.2773
479,2024-12-28 23:59:00,94369.8,94369.8,94360.0,94369.8,14.289,1348381.1655
480,2024-12-29 00:00:00,94407.8,94441.7,94370.9,94441.7,49.908,4711310.9727
481,2024-12-29 00:01:00,94408.1,94450.0,94394.5,94450.0,29.831,2816735.1434
482,2024-12-29 00:02:00,94440.0,94450.0,94411.4,94411.4,36.648,3460506.2171
483,2024-12-29 00:03:00,94420.1,94457.0,94402.7,94456.4,31.619,2985793.0102
484,2024-12-29 00:04:00,94452.0,94500.0,94451.9,94479.5,73.281,6923767.7258
485,2024-12-29 00:05:00,94435.8,94469.7,94415.3,94469.6,24.845,2346545.8882
486,2024-12-29 00:06:00,94480.2,94492.9,94452.0,94452.1,34.372,3247303.65
487,2024-12-29 00:07:00,94417.8,94417.8,94360.0,94405.9,55.102,5200624.6391
488,2024-12-29 00:08:00,94409.1,94414.7,94385.4,94389.8,26.603,2511333.8619
489,2024-12-29 00:09:00,94389.7,94432.3,94356.5,94432.2,42.825,4042454.5173
490,2024-12-29 00:10:00,94422.8,94472.7,94404.5,94465.4,43.401,4099005.8251
491,2024-12-29 00:11:00,94460.5,94472.8,94438.8,94445.9,30.358,2867438.8284
492,2024-12-29 00:13:00,94453.6,94453.6,94453.5,94453.6,0.092,8689.7284
493,2024-12-29 00:14:00,94421.2,94421.2,94414.6,94414.6,4.244,400708.4543
494,2024-12-29 00:15:00,94408.6,94408.7,94400.0,94400.0,1.258,118760.7775
495,2024-12-29 00:16:00,94442.1,94446.2,94437.1,94437.2,2.99,282387.952
496,2024-12-29 00:17:00,94454.8,94484.8,94446.7,94484.8,27.767,2623043.4032
497,2024-12-29 00:18:00,94460.6,94460.6,94441.8,94446.2,9.196,868584.2159
498,2024-12-29 00:19:00,94486.8,94507.3,94486.8,94507.2,6.873,649504.245
499,2024-12-29 00:20:00,94521.7,94521.8,94504.0,94504.0,6.291,594582.242
500,2024-12-29 00:21:00,94452.3,94457.5,94430.0,94430.0,8.791,830235.0745
501,2024-12-29 00:22:00,94466.9,94474.6,94460.0,94474.6,6.082,574537.2058
502,2024-12-29 00:23:00,94479.5,94546.5,94479.4,94531.2,54.459,5148057.1337
503,2024-12-29 00:24:00,94512.5,94526.7,94503.1,94503.4,13.234,1250786.0625
504,2024-12-29 00:25:00,94500.2,94500.3,94455.8,94477.4,22.97,2170130.4744
505,2024-12-29 00:26:00,94509.9,94528.2,94503.1,94503.1,10.878,1028212.0267
506,2024-12-29 00:27:00,94503.1,94562.4,94503.1,94562.3,25.601,2420018.6145
507,2024-12-29 00:28:00,94581.9,94595.0,94537.0,94565.4,35.738,3379543.9915
508,2024-12-29 00:29:00,94562.4,94588.0,94549.2,94553.8,34.613,3273390.2837
509,2024-12-29 00:30:00,94549.2,94580.0,94542.5,94580.0,27.734,2622616.9917
510,2024-12-29 00:32:00,94577.4,94577.4,94577.4,94577.4,0.322,30453.9228
511,2024-12-29 00:33:00,94597.5,94597.5,94597.4,94597.5,0.178,16838.3442
512,2024-12-29 00:34:00,94665.0,94665.0,94657.6,94664.9,3.511,332355.6724
513,2024-12-29 00:35:00,94661.9,94669.1,94652.9,94662.0,6.671,631478.6123
514,2024-12-29 00:36:00,94650.2,94680.0,94635.6,94679.9,6.34,600114.8472
515,2024-12-29 00:37:00,94646.0,94646.0,94642.9,94642.9,5.549,525188.1186
516,2024-12-29 00:38:00,94627.2,94627.2,94600.0,94600.0,18.307,1732045.9846
517,2024-12-29 00:39:00,94649.0,94649.0,94648.9,94648.9,4.277,404813.4497
518,2024-12-29 00:40:00,94679.0,94726.8,94654.3,94726.8,34.426,3260258.8769
519,2024-12-29 00:41:00,94722.6,94766.0,94722.6,94750.6,66.515,6301898.7402
520,2024-12-29 00:42:00,94739.3,94750.6,94723.9,94723.9,26.008,2464069.1072
521,2024-12-29 00:43:00,94723.8,94723.9,94694.8,94694.8,21.973,2081118.8432
522,2024-12-29 00:44:00,94660.1,94660.2,94650.0,94653.8,40.325,3816980.9427
523,2024-12-29 00:45:00,94653.8,94657.5,94595.3,94626.0,56.547,5350401.0821
524,2024-12-29 00:46:00,94650.0,94706.5,94634.0,94706.5,34.885,3302968.6551
525,2024-12-29 00:48:00,94722.4,94729.9,94722.4,94729.8,0.207,19608.0611
526,2024-12-29 00:49:00,94753.0,94781.4,94753.0,94770.1,72.125,6835056.5036
527,2024-12-29 00:50:00,94835.2,94835.2,94788.8,94788.9,26.481,2510550.9798
528,2024-12-29 00:51:00,94748.7,94764.2,94748.6,94764.1,12.086,1145219.3948
529,2024-12-29 00:52:00,94731.4,94811.7,94731.3,94811.5,37.467,3551080.287
530,2024-12-29 00:53:00,94812.5,94812.5,94783.0,94794.0,27.923,2647036.9815
531,2024-12-29 00:54:00,94794.1,94810.0,94739.8,94748.2,58.32,5527492.3911
532,2024-12-29 00:56:00,94824.1,94824.2,94824.1,94824.2,0.243,23042.2798
533,2024-12-29 00:57:00,94877.0,94877.1,94867.2,94867.2,6.893,653951.541
534,2024-12-29 00:58:00,94800.1,94806.0,94800.0,94806.0,3.415,323743.2464
535,2024-12-29 00:59:00,94816.4,94844.6,94802.4,94802.4,15.551,1474711.3901
536,2024-12-29 01:00:00,94838.9,94839.2,94835.0,94839.1,13.568,1286758.1598
537,2024-12-29 01:01:00,94864.8,94872.3,94820.3,94829.8,29.505,2798598.6356
538,2024-12-29 01:02:00,94821.0,94821.0,94790.6,94820.9,32.7,3100276.724
539,2024-12-29 01:03:00,94865.5,94890.0,94815.0,94824.9,59.536,5648085.0751
540,2024-12-29 01:04:00,94829.8,94839.1,94777.3,94804.3,30.509,2892464.2659
541,2024-12-29 01:05:00,94815.3,94878.4,94808.0,94868.8,32.669,3098478.3149
542,2024-12-29 01:06:00,94878.3,94980.0,94878.2,94977.2,405.415,38482638.1307
543,2024-12-29 01:08:00,95043.3,95067.0,95043.2,95047.6,26.5,2519127.1245
544,2024-12-29 01:09:00,95047.6,95079.6,95042.7,95079.4,67.473,6414292.769
545,2024-12-29 01:10:00,95066.2,95066.3,95050.0,95065.9,24.149,2295611.0561
546,2024-12-29 01:11:00,95027.4,95036.1,94920.4,94922.2,75.308,7153041.1282
547,2024-12-29 01:12:00,94940.0,94997.0,94939.9,94997.0,26.123,2480804.9999
548,2024-12-29 01:13:00,94962.6,94967.1,94913.3,94919.6,19.847,1884260.3901
549,2024-12-29 01:14:00,94923.4,94959.6,94923.3,94959.6,26.895,2553636.7954
550,2024-12-29 01:15:00,94967.9,94997.0,94928.4,94997.0,28.926,2746928.2204
551,2024-12-29 01:16:00,94951.8,94973.4,94922.8,94922.9,22.424,2129162.0381
552,2024-12-29 01:17:00,94970.8,94998.5,94957.2,94993.8,35.868,3406866.171
553,2024-12-29 01:18:00,95010.9,95038.2,95005.2,95033.1,41.978,3988724.6108
554,2024-12-29 01:19:00,95029.6,95077.4,95029.5,95049.3,90.796,8630869.5956
555,2024-12-29 01:20:00,95032.9,95195.3,95032.8,95186.7,283.533,26973874.7956
556,2024-12-29 01:21:00,95195.4,95197.3,95133.2,95143.0,124.355,11834696.3757
557,2024-12-29 01:23:00,95148.6,95154.4,95142.5,95152.0,10.867,1033984.8565
558,2024-12-29 01:24:00,95162.1,95189.0,95162.1,95189.0,10.671,1015598.7285
559,2024-12-29 01:25:00,95140.1,95147.7,95130.0,95130.0,14.248,1355531.04
560,2024-12-29 01:26:00,95105.6,95148.6,95105.5,95148.6,13.708,1303984.9022
561,2024-12-29 01:27:00,95128.7,95148.0,95128.7,95128.7,7.337,698023.1048
562,2024-12-29 01:28:00,95111.9,95111.9,95100.0,95105.0,8.032,763868.5919
563,2024-12-29 01:29:00,95066.8,95066.9,95033.9,95049.9,27.691,2632088.3776
564,2024-12-29 01:30:00,95066.6,95100.0,95066.6,95081.3,44.739,4254211.3079
565,2024-12-29 01:31:00,95080.1,95114.1,95080.0,95100.0,26.803,2548989.4527
566,2024-12-29 01:32:00,95139.0,95153.2,95112.4,95127.6,33.665,3202862.0707
567,2024-12-29 01:33:00,95100.0,95100.0,95052.9,95053.8,30.478,2897844.2638
568,2024-12-29 01:34:00,95000.0,95014.7,94963.4,94979.0,91.521,8693121.3006
569,2024-12-29 01:35:00,94953.0,95014.8,94890.1,94991.0,128.426,12194507.5223
570,2024-12-29 01:36:00,94998.9,95033.7,94977.1,95007.9,53.956,5126298.2959
571,2024-12-29 01:37:00,95007.9,95033.7,94990.1,94999.6,34.702,3297089.1867
572,2024-12-29 01:39:00,94988.6,94988.6,94981.2,94981.2,0.802,76179.7109
573,2024-12-29 01:40:00,95005.1,95005.1,94988.0,94992.8,1.285,122069.1265
574,2024-12-29 01:41:00,95087.7,95104.7,95087.6,95100.0,9.856,937301.6296
575,2024-12-29 01:42:00,95043.2,95051.9,95043.2,95051.9,5.643,536362.3489
576,2024-12-29 01:43:00,95054.9,95065.6,95054.9,95065.5,8.765,833183.398
577,2024-12-29 01:44:00,95026.8,95026.9,95022.5,95022.6,2.799,265979.4388
578,2024-12-29 01:45:00,94985.5,95045.9,94978.3,95045.9,14.558,1382936.93
579,2024-12-29 01:46:00,95066.8,95087.0,95000.1,95000.1,22.447,2133470.7506
580,2024-12-29 01:47:00,95074.5,95108.4,95061.8,95100.0,45.146,4292959.5905
581,2024-12-29 01:48:00,95118.2,95148.0,95110.5,95133.7,43.234,4112750.2266
582,2024-12-29 01:49:00,95132.9,95140.9,95089.1,95089.2,81.87,7787686.4255
583,2024-12-29 01:50:00,95116.5,95168.1,95089.1,95168.1,49.047,4666624.6052
584,2024-12-29 01:51:00,95168.1,95168.1,95083.4,95091.5,48.257,4590698.7078
585,2024-12-29 01:52:00,95065.9,95074.7,95040.0,95051.4,14.128,1342895.762
586,2024-12-29 01:53:00,95051.3,95051.4,94962.2,94962.3,47.158,4480362.4428
587,2024-12-29 01:54:00,94949.6,95000.1,94934.9,95000.1,61.679,5856654.33
588,2024-12-29 01:55:00,94991.0,95058.0,94991.0,95005.7,38.803,3687490.7648
589,2024-12-29 01:56:00,95000.0,95016.7,94971.9,95000.0,20.524,1949605.3876
590,2024-12-29 01:58:00,94998.6,94998.7,94998.6,94998.6,0.229,21754.6808
591,2024-12-29 01:59:00,94987.0,94995.6,94987.0,94995.0,3.942,374467.3487
592,2024-12-29 02:00:00,94991.7,95010.0,94991.7,94995.7,12.921,1227513.3682
593,2024-12-29 02:01:00,94995.8,95042.4,94995.7,95042.4,10.306,979232.8476
594,2024-12-29 02:02:00,95024.1,95024.2,94989.6,94989.6,12.386,1176623.6088
595,2024-12-29 02:03:00,95053.9,95053.9,95042.5,95052.6,8.579,815431.7823
596,2024-12-29 02:04:00,95065.8,95065.8,95029.0,95038.4,18.091,1719439.7149
597,2024-12-29 02:05:00,95010.2,95010.3,94960.0,95007.9,27.465,2608938.4496
598,2024-12-29 02:06:00,94960.0,94960.1,94940.1,94940.1,17.569,1668219.56
599,2024-12-29 02:07:00,94901.0,94995.7,94901.0,94982.2,49.511,4700894.9929
600,2024-12-29 02:08:00,94943.6,94988.8,94943.6,94980.3,30.123,2860468.2864
601,2024-12-29 02:09:00,94980.7,95007.5,94971.6,94991.8,24.284,2306665.1173
602,2024-12-29 02:10:00,94981.1,94987.9,94929.3,94929.3,20.184,1916614.0848
603,2024-12-29 02:11:00,94926.4,94954.4,94912.3,94926.5,14.872,1411875.4897
604,2024-12-29 02:12:00,94917.7,94918.7,94900.0,94900.1,36.694,3482536.6312
605,2024-12-29 02:13:00,94900.0,94923.8,94900.0,94900.0,22.786,2162552.9096
606,2024-12-29 02:14:00,94900.0,94910.0,94878.8,94905.5,41.643,3951784.1269
607,2024-12-29 02:16:00,94898.0,94898.0,94898.0,94898.0,0.092,8730.616
608,2024-12-29 02:17:00,94900.0,94900.0,94899.9,94899.9,0.449,42610.0856
609,2024-12-29 02:18:00,94853.5,94861.1,94848.5,94848.5,9.204,873023.7201
610,2024-12-29 02:19:00,94889.9,94890.0,94889.9,94889.9,2.787,264458.3943
611,2024-12-29 02:20:00,94891.2,94891.2,94870.0,94872.3,6.999,664028.7541
612,2024-12-29 02:21:00,94896.7,94905.0,94896.6,94904.9,3.25,308434.7648
613,2024-12-29 02:22:00,94909.4,94909.5,94909.4,94909.4,5.104,484417.9863
614,2024-12-29 02:23:00,94929.3,94948.5,94929.2,94948.5,6.788,644421.398
615,2024-12-29 02:24:00,94993.2,95004.9,94984.3,94985.7,24.389,2316780.3775
616,2024-12-29 02:25:00,94976.7,94990.0,94976.7,94990.0,7.359,698980.6326
617,2024-12-29 02:26:00,94989.9,94994.7,94989.9,94994.7,4.302,408663.2764
618,2024-12-29 02:27:00,95010.2,95010.2,94990.5,94990.5,18.558,1762987.0016
619,2024-12-29 02:28:00,94990.6,94990.6,94977.0,94978.4,14.999,1424702.5228
620,2024-12-29 02:29:00,94962.0,94962.1,94930.6,94930.6,37.18,3530380.7769
621,2024-12-29 02:30:00,94930.6,94962.0,94930.6,94930.6,21.79,2068766.2182
622,2024-12-29 02:31:00,94923.3,94942.4,94857.5,94857.5,21.434,2034061.7192
623,2024-12-29 02:32:00,94840.0,94898.5,94840.0,94880.3,53.724,5097216.8819
624,2024-12-29 02:34:00,94854.0,94854.0,94853.9,94853.9,0.522,49513.774
625,2024-12-29 02:35:00,94867.4,94873.7,94867.4,94873.6,1.69,160330.0753
626,2024-12-29 02:36:00,94830.0,94835.2,94830.0,94835.1,7.334,695484.9763
627,2024-12-29 02:37:00,94816.2,94816.2,94816.1,94816.2,1.942,184132.9582
628,2024-12-29 02:38:00,94835.3,94867.6,94835.3,94865.7,8.88,842310.8077
629,2024-12-29 02:39:00,94853.4,94853.4,94841.4,94849.7,5.097,483435.4979
630,2024-12-29 02:40:00,94867.5,94867.5,94820.1,94848.6,34.812,3301636.1104
631,2024-12-29 02:41:00,94830.0,94830.1,94798.6,94800.5,49.719,4713834.5312
632,2024-12-29 02:42:00,94784.9,94785.0,94757.6,94767.9,35.187,3334630.2619
633,2024-12-29 02:43:00,94734.5,94752.0,94734.5,94750.0,17.441,1652385.616
634,2024-12-29 02:44:00,94671.4,94722.2,94671.3,94722.2,50.324,4765637.9351
635,2024-12-29 02:45:00,94742.9,94804.3,94742.8,94771.8,47.718,4522927.9082
636,2024-12-29 02:46:00,94771.8,94771.9,94725.3,94736.1,19.75,1871300.8923
637,2024-12-29 02:47:00,94711.3,94792.7,94711.2,94778.0,31.587,2993367.9455
638,2024-12-29 02:48:00,94749.0,94797.4,94749.0,94784.8,21.779,2064246.5197
639,2024-12-29 02:49:00,94791.7,94791.7,94772.7,94772.7,9.517,902070.6038
640,2024-12-29 02:50:00,94781.8,94809.1,94765.5,94806.2,27.357,2593097.7897
641,2024-12-29 02:51:00,94806.1,94818.6,94792.4,94818.6,21.167,2006711.643
642,2024-12-29 02:52:00,94794.2,94794.3,94754.8,94756.8,40.727,3859652.3967
643,2024-12-29 02:54:00,94791.6,94791.7,94791.6,94791.7,0.155,14692.7083
644,2024-12-29 02:55:00,94804.3,94804.4,94804.3,94804.3,0.135,12798.588
645,2024-12-29 02:56:00,94859.8,94859.8,94848.5,94848.5,4.813,456534.705
646,2024-12-29 02:57:00,94843.3,94843.4,94820.1,94820.1,4.509,427611.0037
647,2024-12-29 02:58:00,94820.1,94820.2,94820.1,94820.2,1.221,115775.3952
648,2024-12-29 02:59:00,94811.1,94811.1,94791.0,94791.0,2.788,264307.8912
649,2024-12-29 03:00:00,94796.4,94822.0,94796.3,94817.3,16.176,1533754.5968
650,2024-12-29 03:01:00,94817.2,94817.3,94806.6,94812.6,20.991,1990193.69
651,2024-12-29 03:02:00,94822.0,94822.0,94821.9,94821.9,3.59,340410.8434
652,2024-12-29 03:03:00,94812.6,94812.6,94789.1,94800.6,9.246,876582.1258
653,2024-12-29 03:04:00,94804.0,94836.0,94803.9,94836.0,43.569,4131375.4581
654,2024-12-29 03:05:00,94917.7,94929.5,94908.0,94921.4,59.416,5639784.1496
655,2024-12-29 03:06:00,94941.0,94943.2,94921.3,94938.3,31.253,2966905.6913
656,2024-12-29 03:07:00,94924.7,94946.3,94924.6,94946.3,12.687,1204388.8056
657,2024-12-29 03:08:00,94949.4,94980.0,94949.3,94980.0,24.677,2343376.6787
658,2024-12-29 03:09:00,94983.0,95025.7,94978.4,94983.5,77.811,7392298.8917
659,2024-12-29 03:10:00,94954.4,94954.5,94891.4,94924.8,35.144,3335815.2665
660,2024-12-29 03:11:00,94924.7,94949.8,94908.0,94911.5,35.076,3329545.1794
661,2024-12-29 03:12:00,94911.5,94911.6,94905.5,94905.6,10.24,971853.4354
662,2024-12-29 03:13:00,94905.5,94911.6,94905.5,94911.5,9.297,882339.5156
663,2024-12-29 03:15:00,94881.9,94881.9,94881.9,94881.9,0.179,16983.8601
