,date,open,high,low,close,volume,quote_volume
0,2025-01-17 17:03:00,102038.1,102086.0,102025.8,102077.0,104.901,10705363.9077
0,2025-01-17 17:04:00,102077.0,102234.5,102077.0,102182.4,171.427,17516959.475
0,2025-01-17 17:05:00,102140.1,102166.1,102060.0,102139.3,107.474,10975738.7803
0,2025-01-17 17:06:00,102139.2,102216.6,102139.2,102213.6,92.542,9455786.4174
0,2025-01-17 17:07:00,102213.7,102219.7,102168.4,102175.8,110.247,11266769.9296
0,2025-01-17 17:08:00,102175.8,102200.0,102153.7,102177.3,118.883,12147921.8653
0,2025-01-17 17:09:00,102177.3,102220.0,102167.3,102208.5,84.324,8617646.0902
0,2025-01-17 17:10:00,102220.0,102249.9,102170.1,102222.3,242.997,24839338.1238
0,2025-01-17 17:11:00,102222.4,102232.2,102084.6,102095.4,235.862,24094058.5932
0,2025-01-17 17:12:00,102095.5,102240.8,102095.5,102200.5,105.913,10823479.3054
0,2025-01-17 17:13:00,102200.5,102208.9,102171.2,102171.6,66.599,6806245.5164
0,2025-01-17 17:14:00,102171.5,102171.6,102129.1,102129.1,56.426,5764010.697
0,2025-01-17 17:16:00,102094.1,102094.1,102060.1,102064.9,103.383,10552486.4133
0,2025-01-17 17:17:00,102064.9,102067.0,102014.7,102014.7,123.095,12560098.5062
0,2025-01-17 17:18:00,102014.7,102061.2,102000.2,102006.1,130.555,13319213.9886
0,2025-01-17 17:19:00,102006.1,102015.1,101953.9,101976.2,305.169,31121201.0524
0,2025-01-17 17:20:00,101976.1,101976.1,101970.9,101970.9,1.636,166832.6894
0,2025-01-17 17:21:00,102007.0,102042.5,101999.5,102011.4,97.901,9988034.8419
0,2025-01-17 17:22:00,102011.5,102031.9,101979.5,101991.2,77.075,7862179.6222
0,2025-01-17 17:23:00,101991.3,101999.9,101955.3,101971.3,78.896,8045318.8174
0,2025-01-17 17:24:00,101971.3,101995.5,101966.2,101991.1,67.067,6839207.9919
0,2025-01-17 17:25:00,101991.2,101991.2,101967.2,101967.2,5.822,593725.266
0,2025-01-17 17:26:00,101981.8,102018.0,101960.8,101965.0,106.731,10885261.5571
0,2025-01-17 17:27:00,101964.9,102056.0,101964.9,101987.0,251.429,25647444.8018
0,2025-01-17 17:28:00,101987.0,102021.3,101958.0,101966.6,98.485,10044173.1677
0,2025-01-17 17:29:00,101966.6,101975.2,101928.3,101968.8,63.04,6426637.8631
0,2025-01-17 17:30:00,101968.8,101991.0,101968.8,101983.8,20.346,2074859.1826
0,2025-01-17 17:31:00,101934.3,101966.9,101908.0,101908.0,74.746,7618779.2606
0,2025-01-17 17:32:00,101908.0,101908.1,101824.5,101864.0,199.437,20314713.3793
0,2025-01-17 17:33:00,101864.0,101887.2,101822.8,101847.8,83.175,8471917.8589
0,2025-01-17 17:34:00,101847.8,101851.2,101813.5,101823.8,57.114,5815681.1122
0,2025-01-17 17:35:00,101823.7,101844.4,101823.7,101833.9,27.108,2760520.3419
0,2025-01-17 17:36:00,101856.8,101856.9,101795.8,101856.9,143.744,14635213.1533
0,2025-01-17 17:37:00,101856.8,101871.6,101808.3,101808.3,43.222,4402064.4504
0,2025-01-17 17:38:00,101808.4,101859.2,101792.6,101792.7,75.678,7705638.4235
0,2025-01-17 17:39:00,101792.6,101821.2,101792.6,101811.0,69.889,7115012.7093
0,2025-01-17 17:40:00,101811.0,101818.2,101800.0,101813.1,23.347,2376923.8696
0,2025-01-17 17:41:00,101841.8,101857.0,101837.5,101851.0,40.943,4169903.7942
0,2025-01-17 17:42:00,101851.0,101883.5,101850.0,101882.1,68.087,6935953.1435
0,2025-01-17 17:43:00,101882.2,101882.2,101741.4,101749.9,288.438,29356501.4786
0,2025-01-17 17:44:00,101750.0,101781.5,101741.0,101755.2,243.188,24745590.4327
0,2025-01-17 17:45:00,101755.2,101824.3,101755.1,101817.2,51.084,5200312.8292
0,2025-01-17 17:46:00,101817.2,101817.2,101755.2,101755.3,52.262,5319050.7062
0,2025-01-17 17:47:00,101755.3,101792.1,101753.2,101769.3,62.645,6375188.7542
0,2025-01-17 17:48:00,101769.4,101815.0,101763.5,101776.5,31.384,3194497.8242
0,2025-01-17 17:49:00,101776.5,101802.4,101762.9,101783.6,46.739,4757483.0679
0,2025-01-17 17:50:00,101783.9,101793.4,101760.0,101766.1,33.618,3421372.3086
0,2025-01-17 17:51:00,101727.1,101773.8,101708.9,101771.5,130.333,13260167.5398
0,2025-01-17 17:52:00,101771.5,101816.8,101771.4,101816.8,70.28,7154395.547
0,2025-01-17 17:53:00,101816.8,101866.5,101802.4,101836.6,106.533,10849509.5036
0,2025-01-17 17:54:00,101836.5,101908.7,101836.5,101887.8,107.733,10976182.8017
0,2025-01-17 17:55:00,101887.9,101900.0,101763.6,101783.5,179.045,18232802.9814
0,2025-01-17 17:56:00,101746.0,101746.1,101676.3,101728.9,233.635,23762880.1231
0,2025-01-17 17:57:00,101729.0,101769.5,101712.8,101762.5,47.47,4829489.8838
0,2025-01-17 17:58:00,101762.5,101800.2,101762.5,101777.3,39.706,4041240.4317
0,2025-01-17 17:59:00,101777.2,101820.0,101777.2,101800.6,38.487,3918291.2545
0,2025-01-17 18:00:00,101800.6,101857.9,101800.5,101857.9,46.374,4722282.9957
0,2025-01-17 18:01:00,101841.7,101861.7,101781.0,101781.1,43.71,4450756.1029
0,2025-01-17 18:02:00,101781.0,101787.8,101762.6,101787.8,67.225,6841585.333
0,2025-01-17 18:03:00,101787.8,101817.8,101737.7,101745.0,38.602,3928604.4772
0,2025-01-17 18:04:00,101744.9,101866.8,101744.9,101846.4,48.02,4889551.6804
0,2025-01-17 18:05:00,101846.5,101866.8,101806.9,101866.8,52.535,5350152.5578
0,2025-01-17 18:07:00,101847.7,101897.3,101840.0,101888.7,35.565,3623297.3723
0,2025-01-17 18:08:00,101888.7,101922.9,101885.6,101922.8,69.705,7103141.2554
0,2025-01-17 18:09:00,101922.8,101926.3,101901.1,101926.3,70.803,7215589.0548
0,2025-01-17 18:10:00,101926.3,101988.1,101919.0,101945.1,208.749,21283476.5953
0,2025-01-17 18:11:00,101945.2,101945.2,101916.2,101916.2,2.621,267167.3413
0,2025-01-17 18:12:00,101957.2,102000.0,101887.4,101992.0,191.145,19488454.3425
0,2025-01-17 18:13:00,101992.0,102099.9,101992.0,102080.3,407.082,41544455.8073
0,2025-01-17 18:14:00,102080.3,102080.3,101994.0,101994.0,120.391,12285606.6949
0,2025-01-17 18:15:00,101994.1,102015.4,101968.5,101977.1,106.586,10870160.6824
0,2025-01-17 18:16:00,101977.0,101985.3,101974.3,101974.4,9.394,957964.5964
0,2025-01-17 18:17:00,102010.0,102075.7,102006.0,102071.4,102.606,10471441.0187
0,2025-01-17 18:18:00,102071.5,102071.5,101974.6,101990.4,105.479,10760405.3536
0,2025-01-17 18:19:00,101990.3,102044.0,101950.1,102029.1,457.335,46656270.5251
0,2025-01-17 18:20:00,102029.2,102136.0,102029.2,102100.1,143.562,14659562.8061
0,2025-01-17 18:21:00,102100.1,102100.2,102048.1,102048.2,34.145,3485099.9473
0,2025-01-17 18:22:00,102040.0,102075.8,102000.0,102070.0,82.096,8375978.0988
0,2025-01-17 18:23:00,102070.0,102100.2,101994.0,102032.4,97.607,9959285.0036
0,2025-01-17 18:24:00,102032.4,102130.0,102025.2,102109.9,87.727,8956871.2022
0,2025-01-17 18:25:00,102109.9,102219.8,102109.9,102216.6,302.474,30907434.5494
0,2025-01-17 18:26:00,102216.5,102216.6,102172.7,102184.2,80.904,8268350.4586
0,2025-01-17 18:27:00,102200.0,102200.1,102159.4,102159.5,87.728,8964782.6012
0,2025-01-17 18:28:00,102159.4,102199.9,102159.4,102190.4,134.159,13708584.6504
0,2025-01-17 18:29:00,102190.5,102200.0,102188.0,102190.1,58.559,5984533.3279
0,2025-01-17 18:30:00,102190.1,102224.6,102130.4,102135.7,326.491,33362586.3161
0,2025-01-17 18:31:00,102135.7,102167.0,102135.7,102166.9,16.038,1638436.2174
0,2025-01-17 18:32:00,102226.0,102234.9,102166.9,102213.8,148.586,15187151.1516
0,2025-01-17 18:33:00,102213.8,102349.1,102213.7,102322.3,758.404,77572608.6472
0,2025-01-17 18:34:00,102322.4,102345.9,102280.5,102344.9,217.864,22293397.001
0,2025-01-17 18:35:00,102344.9,102349.7,102310.4,102325.2,185.154,18947516.5564
0,2025-01-17 18:36:00,102325.3,102350.0,102316.4,102340.7,65.652,6718783.2742
0,2025-01-17 18:37:00,102322.4,102418.1,102316.4,102418.0,278.628,28527386.7664
0,2025-01-17 18:38:00,102418.0,102499.7,102395.8,102410.8,435.69,44639351.8506
0,2025-01-17 18:39:00,102410.8,102482.5,102397.4,102470.8,143.785,14728823.4521
0,2025-01-17 18:40:00,102470.7,102568.8,102440.4,102440.4,743.707,76242550.5882
0,2025-01-17 18:41:00,102440.4,102555.0,102440.4,102520.9,152.058,15585542.8565
0,2025-01-17 18:42:00,102489.7,102489.8,102375.0,102419.9,185.255,18973302.499
0,2025-01-17 18:43:00,102419.9,102425.0,102319.3,102345.6,176.999,18118302.6178
0,2025-01-17 18:44:00,102345.7,102355.0,102322.3,102336.3,86.536,8855354.2451
0,2025-01-17 18:45:00,102336.3,102346.3,102219.3,102240.9,185.175,18937131.2235
0,2025-01-17 18:46:00,102236.0,102285.4,102236.0,102285.4,53.911,5513508.5301
0,2025-01-17 18:47:00,102270.1,102300.0,102247.6,102268.7,68.34,6989387.1309
0,2025-01-17 18:48:00,102268.7,102349.1,102268.6,102349.0,63.906,6538453.602
0,2025-01-17 18:49:00,102349.1,102387.1,102349.0,102366.4,66.115,6768108.5763
0,2025-01-17 18:50:00,102366.3,102371.1,102301.0,102339.9,76.613,7840342.7097
0,2025-01-17 18:51:00,102339.9,102339.9,102268.6,102286.9,62.876,6431462.5943
0,2025-01-17 18:52:00,102286.9,102295.6,102266.1,102287.3,57.311,5861828.6774
0,2025-01-17 18:53:00,102287.3,102316.9,102281.9,102291.8,38.577,3946462.5677
0,2025-01-17 18:54:00,102291.8,102291.9,102271.9,102281.8,40.113,4102676.7077
0,2025-01-17 18:55:00,102281.8,102291.7,102216.2,102230.2,98.016,10020212.5303
0,2025-01-17 18:56:00,102230.2,102282.0,102226.1,102255.8,42.657,4362078.6025
0,2025-01-17 18:58:00,102241.9,102266.0,102220.0,102265.9,47.968,4904037.9926
0,2025-01-17 18:59:00,102265.9,102289.0,102265.9,102289.0,40.351,4126898.3499
0,2025-01-17 19:00:00,102288.9,102290.7,102220.9,102229.9,104.025,10636986.1423
0,2025-01-17 19:01:00,102230.0,102233.2,102177.0,102180.5,105.151,10744989.9579
0,2025-01-17 19:02:00,102180.6,102183.5,102180.5,102183.4,2.721,278037.5214
0,2025-01-17 19:03:00,102173.9,102173.9,102144.0,102149.3,28.168,2877593.4509
0,2025-01-17 19:04:00,102149.2,102172.7,102118.4,102118.4,48.834,4987932.1454
0,2025-01-17 19:05:00,102118.4,102135.0,102103.9,102134.9,47.845,4885786.0982
0,2025-01-17 19:06:00,102134.9,102161.7,102100.0,102110.0,80.199,8190502.1271
0,2025-01-17 19:07:00,102110.0,102110.1,102097.1,102100.0,18.833,1922850.853
0,2025-01-17 19:08:00,102053.8,102111.3,102053.7,102111.2,51.015,5207796.5503
0,2025-01-17 19:09:00,102111.3,102171.3,102111.2,102165.0,122.519,12513510.2394
0,2025-01-17 19:10:00,102164.9,102173.9,102126.6,102145.3,50.558,5164698.885
0,2025-01-17 19:11:00,102145.2,102156.2,102127.9,102128.0,26.01,2656864.9276
0,2025-01-17 19:12:00,102127.9,102146.4,102120.7,102138.3,19.067,1947438.9836
0,2025-01-17 19:13:00,102163.0,102173.9,102139.2,102163.9,48.137,4917420.83
0,2025-01-17 19:14:00,102163.8,102183.9,102163.8,102183.9,24.175,2469971.495
0,2025-01-17 19:15:00,102183.8,102216.8,102154.2,102209.5,75.866,7753016.3
0,2025-01-17 19:16:00,102209.4,102230.0,102189.5,102230.0,43.777,4474724.4383
0,2025-01-17 19:17:00,102230.0,102250.1,102230.0,102250.1,20.785,2124976.0104
0,2025-01-17 19:18:00,102349.4,102349.5,102307.1,102307.2,117.209,11992818.7249
0,2025-01-17 19:19:00,102307.1,102333.8,102296.1,102327.3,40.457,4139702.9024
0,2025-01-17 19:20:00,102327.3,102328.7,102301.9,102304.0,37.563,3843271.173
0,2025-01-17 19:21:00,102304.0,102365.0,102300.0,102358.1,82.693,8463445.702
0,2025-01-17 19:22:00,102358.2,102368.0,102342.4,102367.9,75.193,7696720.4578
0,2025-01-17 19:23:00,102363.1,102367.3,102341.1,102353.3,45.459,4652751.6543
0,2025-01-17 19:24:00,102353.3,102400.0,102353.3,102379.0,75.22,7700488.1462
0,2025-01-17 19:25:00,102379.0,102411.9,102375.0,102382.6,88.355,9046923.1134
0,2025-01-17 19:26:00,102382.5,102408.9,102371.7,102402.4,42.021,4302816.7657
0,2025-01-17 19:27:00,102402.4,102402.5,102400.6,102400.6,8.387,858837.2776
0,2025-01-17 19:28:00,102375.3,102375.3,102320.9,102327.4,62.188,6364367.3093
0,2025-01-17 19:29:00,102327.4,102327.4,102300.0,102300.1,27.152,2777890.053
0,2025-01-17 19:30:00,102300.1,102350.1,102300.0,102318.9,88.767,9082775.7527
0,2025-01-17 19:31:00,102319.0,102343.4,102270.3,102270.3,43.342,4433966.4553
0,2025-01-17 19:32:00,102270.3,102283.0,102233.5,102268.9,29.124,2978104.66
0,2025-01-17 19:33:00,102256.9,102300.0,102226.5,102280.6,48.156,4923895.5022
0,2025-01-17 19:34:00,102280.6,102280.6,102210.6,102210.6,37.973,3882448.3125
0,2025-01-17 19:35:00,102210.7,102210.7,102172.1,102186.3,85.95,8783316.1731
0,2025-01-17 19:36:00,102186.4,102246.8,102170.9,102244.7,50.105,5121185.4313
0,2025-01-17 19:37:00,102244.6,102282.9,102242.1,102275.8,54.382,5561113.882
0,2025-01-17 19:38:00,102275.1,102275.2,102256.6,102263.6,30.481,3117313.2569
0,2025-01-17 19:39:00,102263.6,102291.0,102240.3,102281.4,48.389,4948079.0849
0,2025-01-17 19:40:00,102281.4,102281.5,102262.0,102269.1,31.179,3188716.5101
0,2025-01-17 19:41:00,102269.0,102299.2,102269.0,102285.5,21.509,2200109.085
0,2025-01-17 19:42:00,102285.6,102296.2,102285.5,102296.2,18.533,1895772.9248
0,2025-01-17 19:43:00,102298.0,102298.0,102288.0,102288.1,32.175,3291188.6926
0,2025-01-17 19:44:00,102288.1,102288.2,102268.9,102269.0,22.949,2347247.2823
0,2025-01-17 19:45:00,102269.0,102269.0,102230.3,102230.3,39.328,4021525.6979
0,2025-01-17 19:46:00,102230.4,102230.4,102188.7,102188.7,36.352,3715636.595
0,2025-01-17 19:47:00,102188.7,102245.6,102188.7,102224.4,86.886,8881868.5458
0,2025-01-17 19:49:00,102239.5,102250.0,102227.5,102250.0,18.967,1939180.0598
0,2025-01-17 19:50:00,102250.0,102256.6,102236.1,102241.5,24.206,2475056.3452
0,2025-01-17 19:51:00,102241.4,102256.0,102214.9,102225.8,46.561,4759922.5773
0,2025-01-17 19:52:00,102225.9,102250.0,102225.8,102249.8,37.268,3810434.8188
0,2025-01-17 19:53:00,102249.9,102249.9,102249.8,102249.8,0.421,43047.1821
0,2025-01-17 19:54:00,102234.9,102248.2,102203.0,102216.4,43.908,4488590.0466
0,2025-01-17 19:55:00,102216.3,102234.7,102202.9,102205.7,31.953,3265974.7602
0,2025-01-17 19:56:00,102205.7,102205.7,102181.6,102181.7,21.659,2213368.8472
0,2025-01-17 19:57:00,102181.6,102229.5,102181.6,102211.7,74.421,7605991.1322
0,2025-01-17 19:58:00,102211.6,102211.7,102207.2,102207.2,5.212,532720.1326
0,2025-01-17 19:59:00,102219.9,102239.3,102181.6,102181.6,31.659,3236157.7
0,2025-01-17 20:00:00,102181.6,102209.0,102137.1,102141.3,155.547,15892525.8374
0,2025-01-17 20:01:00,102141.4,102179.0,102141.3,102163.9,43.425,4436172.3035
0,2025-01-17 20:02:00,102163.9,102245.3,102163.9,102195.8,95.849,9797786.9881
0,2025-01-17 20:03:00,102195.8,102195.8,102175.2,102175.3,8.731,892142.8292
0,2025-01-17 20:04:00,102175.1,102287.5,102175.0,102280.1,72.772,7441422.2369
0,2025-01-17 20:05:00,102280.2,102289.9,102250.4,102257.0,50.223,5136523.6089
0,2025-01-17 20:06:00,102257.0,102277.0,102252.1,102267.9,27.733,2836188.5753
0,2025-01-17 20:07:00,102267.9,102459.3,102250.7,102448.3,304.651,31190573.8079
0,2025-01-17 20:08:00,102448.3,102448.3,102432.3,102432.4,28.763,2946613.9545
