,date,open,high,low,close,volume,quote_volume
0,2025-01-17 20:10:00,102451.5,102451.6,102431.1,102437.2,74.188,7600154.1445
0,2025-01-17 20:11:00,102437.2,102449.0,102414.0,102449.0,72.212,7396376.9763
0,2025-01-17 20:12:00,102458.9,102500.0,102458.9,102490.0,148.647,15234300.2104
0,2025-01-17 20:13:00,102490.1,102532.5,102467.1,102478.8,205.38,21051813.0501
0,2025-01-17 20:14:00,102478.4,102486.2,102466.2,102486.2,49.492,5071851.1165
0,2025-01-17 20:15:00,102486.1,102499.8,102477.4,102481.0,69.806,7154522.2665
0,2025-01-17 20:16:00,102481.0,102481.1,102450.1,102450.1,77.148,7904851.8959
0,2025-01-17 20:17:00,102450.1,102453.5,102437.2,102453.4,63.618,6517424.8921
0,2025-01-17 20:18:00,102453.5,102515.4,102439.6,102513.7,136.261,13963691.8706
0,2025-01-17 20:19:00,102513.6,102609.7,102513.6,102600.0,489.999,50261402.9686
0,2025-01-17 20:20:00,102600.1,102639.3,102515.1,102515.1,256.636,26329315.2375
0,2025-01-17 20:21:00,102515.1,102554.3,102515.1,102554.3,49.425,5067839.0348
0,2025-01-17 20:22:00,102549.0,102554.0,102523.2,102553.8,78.424,8041731.1164
0,2025-01-17 20:23:00,102553.8,102573.7,102549.0,102567.2,61.244,6281450.1233
0,2025-01-17 20:24:00,102567.2,102584.8,102549.9,102556.9,134.341,13779067.0825
0,2025-01-17 20:25:00,102556.8,102560.0,102524.6,102524.6,59.709,6123350.7062
0,2025-01-17 20:26:00,102524.6,102536.8,102488.0,102488.0,86.1,8825496.3975
0,2025-01-17 20:27:00,102482.3,102482.3,102381.8,102406.5,161.329,16524216.3999
0,2025-01-17 20:28:00,102406.5,102515.3,102405.9,102515.3,64.094,6567777.5935
0,2025-01-17 20:29:00,102515.2,102515.3,102472.4,102480.0,95.017,9738248.3234
0,2025-01-17 20:30:00,102480.1,102480.1,102421.7,102429.9,101.885,10438572.6642
0,2025-01-17 20:31:00,102429.9,102440.1,102429.7,102433.2,56.852,5823553.184
0,2025-01-17 20:33:00,102446.6,102467.1,102429.0,102445.2,61.638,6314808.3018
0,2025-01-17 20:34:00,102445.2,102445.2,102366.9,102397.3,75.424,7723584.6555
0,2025-01-17 20:35:00,102397.3,102410.8,102342.8,102405.6,110.796,11342526.6317
0,2025-01-17 20:36:00,102405.5,102405.5,102300.1,102345.0,262.876,26907722.3831
0,2025-01-17 20:37:00,102345.1,102345.1,102345.0,102345.0,0.6,61407.0331
0,2025-01-17 20:38:00,102397.0,102415.6,102375.9,102375.9,25.994,2661891.0875
0,2025-01-17 20:39:00,102375.9,102453.1,102375.9,102446.6,68.509,7017740.1092
0,2025-01-17 20:40:00,102446.5,102630.1,102441.7,102579.2,322.568,33078313.0776
0,2025-01-17 20:41:00,102579.1,102744.0,102573.7,102665.4,951.114,97661008.7226
0,2025-01-17 20:42:00,102665.3,102665.4,102629.2,102655.2,51.208,5256103.2242
0,2025-01-17 20:43:00,102690.0,102690.0,102621.5,102628.6,172.605,17718122.2359
0,2025-01-17 20:44:00,102628.5,102674.3,102628.5,102665.0,132.219,13573235.7023
0,2025-01-17 20:45:00,102665.0,102736.8,102661.0,102718.9,166.753,17128450.0814
0,2025-01-17 20:46:00,102718.9,102881.8,102718.9,102860.0,1130.366,116230204.7705
0,2025-01-17 20:47:00,102860.0,102929.5,102860.0,102902.6,168.674,17355690.4204
0,2025-01-17 20:48:00,102852.3,102887.7,102790.0,102802.3,224.397,23075893.7731
0,2025-01-17 20:49:00,102802.4,102876.0,102802.4,102862.1,135.882,13974857.2857
0,2025-01-17 20:50:00,102862.1,102862.2,102750.2,102767.9,211.411,21731102.164
0,2025-01-17 20:51:00,102768.8,102780.6,102690.4,102692.7,157.945,16225818.0801
0,2025-01-17 20:52:00,102692.6,102720.0,102690.4,102700.0,39.643,4071463.6267
0,2025-01-17 20:53:00,102863.9,102865.8,102806.0,102845.1,97.559,10032494.8536
0,2025-01-17 20:54:00,102845.1,102847.2,102767.5,102767.5,72.774,7482221.4748
0,2025-01-17 20:55:00,102767.5,102793.7,102753.1,102753.1,75.631,7773066.0002
0,2025-01-17 20:56:00,102753.1,102779.4,102698.4,102698.4,91.015,9351162.3495
0,2025-01-17 20:57:00,102698.4,102733.7,102686.3,102686.3,103.361,10615684.9739
0,2025-01-17 20:58:00,102710.1,102718.2,102694.0,102717.4,61.412,6307461.8051
0,2025-01-17 20:59:00,102713.4,102728.7,102690.4,102701.9,99.289,10197467.0889
0,2025-01-17 21:00:00,102702.0,102849.8,102702.0,102845.3,182.736,18784892.2901
0,2025-01-17 21:01:00,102845.3,102858.8,102775.1,102792.1,128.865,13249591.3384
0,2025-01-17 21:02:00,102792.0,102839.3,102788.9,102819.9,72.408,7444842.6335
0,2025-01-17 21:03:00,102843.5,102850.0,102810.8,102849.9,96.684,9942443.7205
0,2025-01-17 21:04:00,102849.8,102905.7,102840.7,102879.4,189.084,19451907.8242
0,2025-01-17 21:05:00,102879.4,102943.2,102860.1,102877.9,197.771,20349863.9996
0,2025-01-17 21:06:00,102877.9,102885.6,102813.9,102885.2,133.573,13739510.3205
0,2025-01-17 21:07:00,102885.2,102885.3,102829.9,102857.0,90.801,9339005.0579
0,2025-01-17 21:08:00,102869.9,102876.2,102840.0,102840.6,80.908,8321847.7197
0,2025-01-17 21:09:00,102840.5,102840.6,102777.5,102794.1,73.38,7543746.4574
0,2025-01-17 21:10:00,102794.1,102840.1,102782.1,102788.8,95.183,9786110.5281
0,2025-01-17 21:11:00,102788.8,102812.0,102756.5,102788.9,114.936,11812580.8096
0,2025-01-17 21:12:00,102789.0,102795.4,102760.0,102760.1,36.886,3790972.1452
0,2025-01-17 21:13:00,102717.2,102733.4,102704.1,102707.8,92.687,9520329.3892
0,2025-01-17 21:14:00,102707.8,102725.6,102702.0,102721.6,70.043,7194340.9763
0,2025-01-17 21:15:00,102721.6,102775.1,102712.6,102770.1,133.262,13692042.5456
0,2025-01-17 21:16:00,102770.1,102790.0,102734.7,102734.8,87.062,8946245.1382
0,2025-01-17 21:17:00,102734.7,102734.8,102686.3,102687.0,84.38,8666355.7153
0,2025-01-17 21:19:00,102564.2,102564.3,102508.8,102527.1,215.111,22056087.8398
0,2025-01-17 21:20:00,102527.2,102571.9,102500.7,102571.8,181.986,18658927.3925
0,2025-01-17 21:21:00,102571.9,102645.7,102553.1,102644.0,142.847,14659379.1243
0,2025-01-17 21:22:00,102644.0,102644.1,102562.7,102608.7,75.464,7741956.0929
0,2025-01-17 21:23:00,102608.6,102608.6,102608.6,102608.6,0.024,2462.6064
0,2025-01-17 21:24:00,102480.1,102504.2,102452.0,102501.5,452.808,46398681.5523
0,2025-01-17 21:25:00,102501.4,102548.1,102475.9,102538.0,83.266,8536700.0805
0,2025-01-17 21:26:00,102538.0,102640.6,102532.6,102640.6,152.976,15693238.2294
0,2025-01-17 21:27:00,102640.6,102695.0,102620.0,102620.1,105.392,10820363.9452
0,2025-01-17 21:28:00,102620.1,102620.1,102592.0,102592.0,6.004,616077.5652
0,2025-01-17 21:29:00,102539.4,102575.3,102483.5,102495.6,111.106,11391050.24
0,2025-01-17 21:30:00,102495.6,102513.4,102473.3,102481.1,90.801,9306130.6871
0,2025-01-17 21:31:00,102481.1,102539.1,102481.0,102539.1,69.239,7098398.2114
0,2025-01-17 21:32:00,102539.1,102639.0,102533.4,102610.7,155.388,15943024.7822
0,2025-01-17 21:33:00,102610.6,102699.4,102610.6,102692.2,48.054,4933567.523
0,2025-01-17 21:34:00,102605.7,102634.8,102600.0,102600.0,79.502,8157597.3887
0,2025-01-17 21:35:00,102600.0,102695.1,102600.0,102649.8,89.407,9178442.1459
0,2025-01-17 21:36:00,102649.9,102670.6,102535.9,102542.4,164.775,16905526.5055
0,2025-01-17 21:37:00,102542.3,102609.0,102522.0,102554.0,340.826,34955535.645
0,2025-01-17 21:38:00,102554.0,102554.1,102484.2,102487.1,41.85,4290748.5293
0,2025-01-17 21:39:00,102475.9,102506.6,102349.7,102410.9,611.58,62627856.1893
0,2025-01-17 21:40:00,102411.0,102600.0,102410.9,102600.0,139.558,14303923.2011
0,2025-01-17 21:41:00,102600.0,102686.3,102576.0,102686.3,212.69,21828512.285
0,2025-01-17 21:42:00,102686.3,102796.8,102677.2,102772.3,330.514,33962227.9622
0,2025-01-17 21:43:00,102772.3,102772.3,102713.3,102724.0,45.631,4688297.919
0,2025-01-17 21:44:00,102700.1,102766.7,102700.0,102705.5,56.487,5803534.1764
0,2025-01-17 21:45:00,102705.3,102770.5,102690.8,102730.7,77.322,7943611.9063
0,2025-01-17 21:46:00,102730.6,102730.7,102656.7,102674.5,73.226,7519225.0857
0,2025-01-17 21:47:00,102674.5,102760.0,102674.5,102722.2,44.895,4611723.0283
0,2025-01-17 21:48:00,102722.1,102732.3,102662.0,102668.4,38.882,3992642.0737
0,2025-01-17 21:49:00,102655.3,102665.6,102575.0,102594.9,104.666,10738394.8791
0,2025-01-17 21:50:00,102594.9,102617.2,102570.7,102586.4,85.631,8784886.007
0,2025-01-17 21:51:00,102586.3,102611.9,102540.6,102540.6,76.869,7884551.9364
0,2025-01-17 21:52:00,102540.7,102548.7,102500.0,102500.0,126.065,12924082.4604
0,2025-01-17 21:53:00,102500.1,102506.2,102470.7,102470.7,117.965,12090939.7138
0,2025-01-17 21:54:00,102472.9,102481.2,102424.0,102437.7,107.777,11042010.1275
0,2025-01-17 21:55:00,102437.8,102460.0,102401.8,102401.8,179.709,18406696.5911
0,2025-01-17 21:56:00,102401.9,102450.0,102401.8,102449.9,113.982,11674177.949
0,2025-01-17 21:57:00,102449.9,102450.0,102400.0,102408.8,111.054,11373825.1519
0,2025-01-17 21:58:00,102408.7,102418.7,102383.4,102397.9,90.144,9231116.8502
0,2025-01-17 21:59:00,102407.1,102469.5,102407.0,102419.6,69.697,7140008.2875
0,2025-01-17 22:00:00,102419.6,102530.0,102410.4,102530.0,133.657,13696446.2346
0,2025-01-17 22:01:00,102529.9,102529.9,102441.7,102497.4,116.213,11910882.1935
0,2025-01-17 22:02:00,102497.4,102618.0,102497.4,102612.0,142.565,14622001.986
0,2025-01-17 22:03:00,102612.0,102612.0,102552.6,102598.0,60.665,6223617.1983
0,2025-01-17 22:04:00,102558.5,102642.0,102558.5,102591.4,111.442,11434108.5794
0,2025-01-17 22:05:00,102591.4,102591.5,102497.4,102511.5,86.718,8890922.2503
0,2025-01-17 22:06:00,102511.6,102530.0,102443.7,102504.0,76.816,7872881.8786
0,2025-01-17 22:07:00,102503.9,102591.5,102492.9,102591.5,178.466,18300426.679
0,2025-01-17 22:08:00,102591.5,102639.0,102588.0,102595.0,67.651,6942290.9456
0,2025-01-17 22:10:00,102545.8,102568.1,102524.5,102547.9,59.884,6140945.0064
0,2025-01-17 22:11:00,102548.0,102666.6,102548.0,102639.1,101.916,10457961.5248
0,2025-01-17 22:12:00,102639.1,102639.1,102588.6,102598.1,57.805,5931153.2367
0,2025-01-17 22:13:00,102598.1,102598.1,102504.8,102504.9,61.15,6270898.5439
0,2025-01-17 22:14:00,102504.9,102505.0,102504.9,102505.0,0.166,17015.8282
0,2025-01-17 22:15:00,102486.1,102597.1,102470.0,102595.4,96.336,9879229.5648
0,2025-01-17 22:16:00,102595.4,102596.2,102550.1,102550.1,63.524,6515874.1397
0,2025-01-17 22:17:00,102550.0,102686.3,102538.2,102686.3,123.385,12663832.6529
0,2025-01-17 22:18:00,102686.3,102686.4,102634.0,102663.0,63.625,6532330.4723
0,2025-01-17 22:19:00,102662.9,102664.4,102649.7,102654.1,4.866,499526.289
0,2025-01-17 22:20:00,102695.4,102695.4,102632.1,102637.3,47.333,4859546.4569
0,2025-01-17 22:21:00,102637.3,102652.8,102592.5,102629.0,103.34,10605198.2582
0,2025-01-17 22:22:00,102628.9,102650.0,102620.8,102627.3,23.566,2418889.081
0,2025-01-17 22:23:00,102627.3,102659.9,102624.5,102636.0,44.026,4519022.7569
0,2025-01-17 22:24:00,102636.0,102638.7,102625.6,102633.7,7.475,767175.2784
0,2025-01-17 22:25:00,102658.2,102700.0,102542.7,102589.4,167.601,17201130.608
0,2025-01-17 22:26:00,102589.4,102654.0,102589.3,102652.0,64.141,6582521.8976
0,2025-01-17 22:27:00,102652.1,102678.5,102622.2,102670.6,55.77,5724896.6218
0,2025-01-17 22:28:00,102670.6,102710.6,102634.9,102680.9,131.362,13488270.5079
0,2025-01-17 22:29:00,102681.0,102733.9,102674.4,102718.6,44.243,4544228.5784
0,2025-01-17 22:30:00,102697.8,102736.8,102388.0,102476.6,679.998,69729341.7769
0,2025-01-17 22:31:00,102476.6,102503.8,102207.6,102486.8,652.624,66789388.0921
0,2025-01-17 22:32:00,102486.1,102718.2,102432.2,102680.9,399.244,40958764.7267
0,2025-01-17 22:33:00,102681.0,102940.0,102681.0,102804.3,1088.044,111925799.3532
0,2025-01-17 22:34:00,102804.3,102879.1,102694.7,102698.6,209.174,21505847.6694
0,2025-01-17 22:35:00,102817.0,102940.0,102731.5,102932.7,600.946,61827292.403
0,2025-01-17 22:36:00,102932.8,103193.9,102917.4,103131.9,2397.232,247075868.9425
0,2025-01-17 22:37:00,103131.9,103154.3,102834.0,103034.7,904.279,93152010.8643
0,2025-01-17 22:38:00,103035.6,103043.7,102714.4,102764.7,602.92,62000783.3856
0,2025-01-17 22:39:00,102764.8,102818.0,102555.9,102704.0,403.891,41460829.0171
0,2025-01-17 22:40:00,102691.2,102810.2,102612.1,102642.4,309.034,31737084.4376
0,2025-01-17 22:41:00,102642.4,102724.4,102479.9,102509.8,496.655,50936016.3607
0,2025-01-17 22:42:00,102509.9,102609.1,102388.0,102415.4,381.973,39149070.8001
0,2025-01-17 22:43:00,102417.4,102444.2,102312.5,102316.1,542.223,55517004.3986
0,2025-01-17 22:44:00,102316.1,102491.1,102311.0,102477.6,254.19,26035884.6537
0,2025-01-17 22:45:00,102482.2,102928.7,102480.9,102882.5,959.546,98609070.5401
0,2025-01-17 22:46:00,102882.4,102899.9,102775.1,102805.9,318.831,32788860.1729
0,2025-01-17 22:47:00,102805.8,102805.9,102590.2,102657.1,249.432,25612475.0297
0,2025-01-17 22:48:00,102657.0,102657.0,102473.3,102589.5,317.834,32589007.6935
0,2025-01-17 22:49:00,102589.6,102655.2,102473.9,102557.9,316.993,32514002.7418
0,2025-01-17 22:50:00,102617.4,102636.9,102498.1,102540.0,317.428,32554852.2822
0,2025-01-17 22:51:00,102539.9,102686.0,102470.0,102684.1,275.745,28285076.4531
0,2025-01-17 22:52:00,102684.1,102978.4,102654.9,102913.8,709.956,73034754.4916
0,2025-01-17 22:53:00,102913.9,103020.1,102871.2,102917.3,423.617,43610616.7582
0,2025-01-17 22:54:00,102917.3,102960.0,102854.9,102925.9,198.805,20456711.7787
0,2025-01-17 22:55:00,102972.9,103059.1,102966.9,103014.5,371.084,38231091.5493
0,2025-01-17 22:56:00,103014.5,103301.0,103014.5,103249.3,1153.999,119072422.8657
0,2025-01-17 22:57:00,103249.2,103314.3,103190.0,103283.2,789.912,81563142.594
0,2025-01-17 22:58:00,103283.1,103283.3,103106.5,103199.6,474.108,48919665.2036
0,2025-01-17 22:59:00,103199.6,103321.0,103069.0,103320.9,511.359,52799048.2663
0,2025-01-17 23:01:00,103307.4,103361.9,103221.0,103314.4,629.288,65003323.9424
0,2025-01-17 23:02:00,103314.4,103359.6,103244.3,103320.0,190.054,19633470.0664
0,2025-01-17 23:03:00,103320.1,103599.9,103303.1,103375.2,1683.315,174170517.5344
0,2025-01-17 23:04:00,103375.2,103576.0,103335.1,103539.1,594.167,61491512.9159
0,2025-01-17 23:05:00,103539.0,103592.8,103536.6,103586.5,47.944,4965596.8066
0,2025-01-17 23:06:00,103764.1,103882.1,103710.4,103792.3,983.608,102105860.1982
0,2025-01-17 23:07:00,103792.4,103938.3,103741.4,103913.1,920.034,95552999.2748
0,2025-01-17 23:08:00,103913.1,103959.3,103810.6,103864.4,663.904,68979749.2526
0,2025-01-17 23:09:00,103864.4,104139.5,103832.9,104108.1,1401.256,145743852.0857
0,2025-01-17 23:10:00,104108.0,104139.5,104071.2,104086.9,339.14,35308206.9421
0,2025-01-17 23:11:00,104119.5,104151.1,103912.5,104094.6,1149.875,119628701.1602
0,2025-01-17 23:12:00,104094.6,104145.0,104014.0,104032.7,603.462,62809906.3031
0,2025-01-17 23:13:00,104032.7,104043.8,103890.6,103962.6,654.043,67991410.1167
0,2025-01-17 23:14:00,103962.5,104068.4,103895.2,103999.4,962.595,100087440.8475
0,2025-01-17 23:15:00,103999.4,104092.5,103967.5,104071.2,204.283,21255434.9216
0,2025-01-17 23:16:00,104154.1,104172.0,104090.0,104137.9,489.994,51030014.0883
0,2025-01-17 23:17:00,104138.0,104195.2,104114.8,104180.0,353.814,36857505.6926
0,2025-01-17 23:18:00,104180.0,104198.9,104053.2,104174.6,431.82,44967397.051
0,2025-01-17 23:19:00,104174.5,104198.6,104147.8,104155.9,261.773,27270517.345
0,2025-01-17 23:20:00,104156.0,104173.8,104095.1,104104.1,110.125,11468796.3064
0,2025-01-17 23:21:00,103857.0,103867.9,103646.6,103719.0,1365.557,141641021.3059
0,2025-01-17 23:22:00,103719.0,103911.2,103581.8,103665.1,748.78,77665380.557
0,2025-01-17 23:23:00,103665.1,103869.5,103584.4,103840.2,567.632,58852409.9138
0,2025-01-17 23:24:00,103840.2,103877.6,103720.0,103874.7,271.499,28185034.6946
0,2025-01-17 23:25:00,103875.1,104000.0,103847.7,103858.0,286.106,29732235.4111
0,2025-01-17 23:26:00,103793.9,103840.2,103469.9,103518.7,865.333,89645298.4224
0,2025-01-17 23:27:00,103518.8,103568.3,103435.3,103491.4,593.765,61448327.4648
0,2025-01-17 23:28:00,103491.3,103733.5,103463.0,103727.2,403.328,41792099.2767
0,2025-01-17 23:29:00,103727.3,103919.4,103679.6,103896.5,577.763,59977232.038
0,2025-01-17 23:30:00,103896.5,104051.8,103842.1,103848.0,430.512,44756734.8823
0,2025-01-17 23:31:00,103815.1,104010.2,103787.7,103854.3,397.843,41329716.3752
0,2025-01-17 23:32:00,103854.2,103857.2,103635.7,103651.7,369.986,38373457.7963
0,2025-01-17 23:33:00,103651.8,103754.2,103585.2,103732.9,261.9,27146171.6603
0,2025-01-17 23:34:00,103733.0,103790.0,103644.9,103757.8,178.858,18550424.1643
0,2025-01-17 23:35:00,103757.9,103862.5,103738.4,103849.8,340.254,35315724.1788
0,2025-01-17 23:36:00,103769.3,103895.4,103658.3,103885.2,202.004,20960338.3804
0,2025-01-17 23:37:00,103885.2,103996.0,103865.9,103967.6,189.614,19709515.499
0,2025-01-17 23:38:00,103967.6,103967.6,103820.3,103885.4,233.11,24213182.5859
0,2025-01-17 23:39:00,103885.4,104000.4,103885.4,103958.8,240.877,25043541.8824
0,2025-01-17 23:40:00,103958.8,104039.5,103928.0,103953.7,203.137,21123610.4892
0,2025-01-17 23:41:00,103920.3,103963.2,103835.2,103843.6,172.499,17924406.2984
0,2025-01-17 23:42:00,103843.6,103958.6,103818.0,103958.6,123.831,12864830.5373
0,2025-01-17 23:43:00,103958.6,104045.0,103936.0,103983.6,247.808,25771555.8634
0,2025-01-17 23:44:00,103983.7,103983.7,103833.6,103858.1,247.957,25762473.471
0,2025-01-17 23:45:00,103858.1,103911.2,103755.0,103755.1,147.45,15313328.5268
0,2025-01-17 23:47:00,103673.7,103799.0,103600.1,103629.0,170.947,17727935.5979
0,2025-01-17 23:48:00,103628.9,103726.9,103616.4,103712.2,306.276,31756779.6205
0,2025-01-17 23:49:00,103712.2,103878.8,103698.1,103850.0,284.579,29532327.7945
0,2025-01-17 23:50:00,103850.1,103888.0,103747.9,103794.1,183.955,19099064.8874
0,2025-01-17 23:51:00,103794.2,103794.2,103794.1,103794.2,0.27,28024.4136
0,2025-01-17 23:52:00,103869.0,103935.0,103852.3,103933.6,122.117,12687818.4688
0,2025-01-17 23:53:00,103933.6,103933.6,103878.1,103905.1,60.997,6337867.4017
0,2025-01-17 23:54:00,103905.1,103909.9,103826.1,103864.9,103.153,10713138.6216
0,2025-01-17 23:55:00,103864.8,103884.1,103800.9,103884.0,65.325,6782803.5133
0,2025-01-17 23:56:00,103884.0,103884.0,103855.3,103873.1,7.259,754015.864
0,2025-01-17 23:57:00,103822.1,103894.3,103822.0,103860.2,56.35,5852666.6815
0,2025-01-17 23:58:00,103860.1,103916.1,103812.4,103857.8,201.523,20928704.5952
0,2025-01-17 23:59:00,103857.7,103946.3,103841.4,103946.2,140.215,14568940.9511
0,2025-01-18 00:00:00,103946.3,103961.4,103847.6,103847.6,222.837,23153217.4535
0,2025-01-18 00:01:00,103847.7,103894.3,103847.6,103847.8,17.941,1863544.8179
0,2025-01-18 00:02:00,103909.9,103962.0,103856.7,103856.7,191.107,19861485.2365
0,2025-01-18 00:03:00,103856.8,103940.8,103802.7,103918.4,180.603,18760070.5077
0,2025-01-18 00:04:00,103918.3,103993.0,103918.3,103958.1,201.319,20929839.5312
0,2025-01-18 00:05:00,103958.0,103975.5,103891.9,103905.7,94.131,9783605.2199
0,2025-01-18 00:06:00,103905.7,103990.4,103905.6,103973.2,48.69,5061809.8406
0,2025-01-18 00:07:00,103951.6,103971.0,103869.9,103890.9,163.903,17034570.2983
0,2025-01-18 00:08:00,103891.0,103931.8,103850.0,103855.0,104.644,10872125.4878
0,2025-01-18 00:09:00,103855.9,103864.0,103772.6,103852.2,182.17,18910442.8977
0,2025-01-18 00:10:00,103851.9,104039.0,103831.4,104037.9,271.552,28237392.2743
0,2025-01-18 00:11:00,104037.9,104151.6,104037.8,104121.7,536.418,55846098.195
0,2025-01-18 00:12:00,104159.9,104400.0,104159.9,104307.4,1890.993,197254951.7509
0,2025-01-18 00:13:00,104307.5,104420.0,104242.9,104387.5,760.956,79402288.1947
0,2025-01-18 00:14:00,104387.6,104392.2,104321.4,104384.2,333.92,34846510.8958
0,2025-01-18 00:15:00,104384.3,104473.8,104354.1,104412.0,683.5,71362292.4095
0,2025-01-18 00:16:00,104413.6,104465.8,104357.7,104458.1,259.885,27136835.0648
0,2025-01-18 00:17:00,104489.5,104578.7,104408.9,104571.3,762.924,79715292.4258
0,2025-01-18 00:18:00,104571.2,104654.0,104429.9,104597.3,1115.688,116656272.219
0,2025-01-18 00:19:00,104597.3,104645.4,104533.0,104564.3,448.976,46959969.5204
0,2025-01-18 00:20:00,104564.3,104739.8,104564.3,104620.3,461.838,48334267.1553
0,2025-01-18 00:21:00,104620.3,104695.0,104620.2,104680.0,246.464,25792408.6454
0,2025-01-18 00:22:00,104621.0,104716.6,104620.9,104630.8,260.604,27274774.3427
0,2025-01-18 00:23:00,104630.9,104649.9,104426.3,104440.1,646.995,67613607.9411
0,2025-01-18 00:24:00,104440.0,104582.3,104403.1,104524.7,404.796,42286501.243
0,2025-01-18 00:25:00,104524.7,104544.7,104430.0,104529.9,219.558,22941517.6984
0,2025-01-18 00:26:00,104529.9,104550.0,104444.0,104503.8,130.123,13597613.3583
0,2025-01-18 00:27:00,104488.8,104524.5,104430.9,104519.4,223.225,23318841.3095
0,2025-01-18 00:28:00,104519.4,104585.0,104513.0,104559.1,179.059,18722527.901
0,2025-01-18 00:29:00,104559.0,104559.1,104503.9,104537.1,115.696,12093742.0267
0,2025-01-18 00:30:00,104537.1,104585.8,104484.1,104484.1,158.417,16562437.8417
0,2025-01-18 00:31:00,104484.2,104644.3,104441.3,104538.6,219.987,22999753.8166
0,2025-01-18 00:33:00,104605.8,104663.1,104590.0,104642.1,185.019,19359665.6988
0,2025-01-18 00:34:00,104642.1,104642.2,104506.0,104541.0,253.583,26513075.7279
0,2025-01-18 00:35:00,104541.0,104682.1,104538.2,104668.9,142.756,14935092.0905
0,2025-01-18 00:36:00,104669.0,104699.9,104655.9,104683.1,184.741,19339154.3053
0,2025-01-18 00:37:00,104683.1,104683.1,104674.2,104674.2,5.218,546230.9832
0,2025-01-18 00:38:00,104608.3,104713.1,104605.7,104667.0,231.471,24231404.5849
0,2025-01-18 00:39:00,104667.0,104888.0,104656.5,104873.1,933.625,97833015.9539
0,2025-01-18 00:40:00,104873.1,104887.3,104750.0,104750.1,462.693,48507546.3307
0,2025-01-18 00:41:00,104750.1,104855.0,104722.0,104811.9,259.532,27199539.8767
0,2025-01-18 00:42:00,104811.9,104854.0,104811.8,104853.9,26.4,2767896.7085
0,2025-01-18 00:43:00,104878.9,104888.0,104778.6,104796.4,237.075,24852699.985
0,2025-01-18 00:44:00,104796.4,104825.1,104701.1,104744.2,329.459,34514866.301
0,2025-01-18 00:45:00,104744.1,104744.2,104635.4,104687.9,403.02,42189185.5904
0,2025-01-18 00:46:00,104688.0,104700.0,104576.5,104577.1,388.702,40664432.8383
0,2025-01-18 00:47:00,104577.1,104618.9,104556.8,104615.8,81.762,8550932.0843
0,2025-01-18 00:48:00,104697.2,104743.9,104647.8,104743.9,208.019,21779461.6307
0,2025-01-18 00:49:00,104743.8,104812.4,104676.4,104676.4,200.033,20957198.288
0,2025-01-18 00:50:00,104676.4,104700.0,104591.7,104689.3,186.271,19494247.3929
0,2025-01-18 00:51:00,104689.3,104815.8,104673.2,104813.8,175.408,18377433.7672
0,2025-01-18 00:52:00,104813.7,104871.0,104803.4,104864.6,95.286,9990223.6443
0,2025-01-18 00:53:00,104828.2,104864.0,104780.4,104840.3,152.863,16024192.3505
0,2025-01-18 00:54:00,104840.2,104957.8,104816.2,104924.1,647.637,67945246.8533
0,2025-01-18 00:55:00,104924.2,104957.9,104872.4,104951.3,257.794,27046404.4114
0,2025-01-18 00:56:00,104951.3,104970.1,104784.5,104892.8,343.066,35976193.4743
0,2025-01-18 00:57:00,104892.8,104931.6,104866.4,104891.2,73.546,7714953.7605
0,2025-01-18 00:58:00,104938.3,104960.6,104890.4,104954.2,170.586,17900142.9181
0,2025-01-18 00:59:00,104954.2,104960.7,104910.6,104923.9,159.356,16722540.4367
0,2025-01-18 01:00:00,104923.9,104928.9,104829.3,104829.4,264.029,27690910.9961
0,2025-01-18 01:01:00,104829.3,104842.3,104712.1,104833.0,616.739,64617433.3187
0,2025-01-18 01:02:00,104835.2,104940.6,104835.2,104927.0,137.048,14375431.7306
0,2025-01-18 01:03:00,104933.5,104950.0,104880.1,104937.7,180.983,18987475.8848
0,2025-01-18 01:04:00,104937.7,104945.5,104816.5,104899.8,121.679,12760845.4569
0,2025-01-18 01:05:00,104899.9,104900.0,104803.1,104803.2,107.164,11236650.7475
0,2025-01-18 01:06:00,104803.1,104813.1,104584.6,104653.5,640.39,67041294.463
0,2025-01-18 01:07:00,104653.6,104686.4,104534.0,104686.4,405.892,42461831.1301
0,2025-01-18 01:08:00,104734.8,104834.6,104734.8,104766.2,182.781,19154800.6192
0,2025-01-18 01:09:00,104766.2,104820.0,104757.1,104786.4,87.681,9188220.7426
0,2025-01-18 01:10:00,104786.5,104791.6,104736.1,104771.2,77.37,8105593.1613
0,2025-01-18 01:11:00,104771.2,104820.4,104674.5,104749.4,145.04,15190515.3098
0,2025-01-18 01:12:00,104749.3,104825.0,104733.6,104824.7,93.085,9752433.1114
0,2025-01-18 01:13:00,104797.7,104797.8,104657.2,104666.6,122.899,12868227.2274
0,2025-01-18 01:14:00,104666.7,104697.9,104637.1,104697.2,86.94,9099897.0781
0,2025-01-18 01:15:00,104697.2,104793.8,104692.9,104695.7,112.545,11787888.3121
0,2025-01-18 01:16:00,104695.7,104700.0,104634.2,104650.2,407.763,42675501.6906
0,2025-01-18 01:17:00,104650.3,104700.0,104627.1,104638.9,116.575,12201961.7694
0,2025-01-18 01:19:00,104702.5,104740.0,104693.4,104733.9,170.238,17825393.1556
0,2025-01-18 01:20:00,104733.9,104793.1,104721.6,104750.1,152.667,15994159.8883
0,2025-01-18 01:21:00,104750.1,104765.8,104621.3,104629.1,116.561,12200613.5346
0,2025-01-18 01:22:00,104629.1,104781.1,104629.1,104781.0,98.454,10311228.7375
0,2025-01-18 01:23:00,104781.1,104781.1,104781.1,104781.1,0.004,419.1244
0,2025-01-18 01:24:00,104829.9,104920.5,104829.9,104902.7,395.587,41489717.2145
0,2025-01-18 01:25:00,104902.8,105029.9,104873.6,105028.2,1352.049,141940720.8626
0,2025-01-18 01:26:00,105028.1,105268.5,105028.1,105106.5,1583.617,166511135.7019
0,2025-01-18 01:27:00,105106.5,105150.0,105013.0,105062.6,305.795,32137175.057
0,2025-01-18 01:28:00,105062.5,105062.6,105039.3,105051.0,16.101,1691396.4801
0,2025-01-18 01:29:00,104900.6,104991.9,104868.2,104957.5,306.711,32180132.4125
0,2025-01-18 01:30:00,104957.5,105087.4,104951.4,105017.1,249.308,26180957.0507
0,2025-01-18 01:31:00,105017.1,105026.6,104889.3,104889.3,179.032,18786890.0749
0,2025-01-18 01:32:00,104889.3,104903.1,104816.5,104850.0,218.883,22951607.6254
0,2025-01-18 01:33:00,104850.0,104890.0,104842.8,104889.9,31.534,3306782.4397
0,2025-01-18 01:34:00,104850.1,104850.1,104681.8,104696.6,337.839,35391244.3781
0,2025-01-18 01:35:00,104696.5,104696.6,104510.4,104536.6,488.949,51143816.1784
0,2025-01-18 01:36:00,104536.6,104574.9,104400.0,104439.0,478.873,50032449.6196
0,2025-01-18 01:37:00,104439.1,104456.3,104255.3,104335.3,892.456,93107702.5262
0,2025-01-18 01:38:00,104335.3,104356.8,104254.4,104266.7,123.827,12915686.8321
0,2025-01-18 01:39:00,104283.9,104381.0,104260.3,104362.5,259.919,27119225.095
0,2025-01-18 01:40:00,104362.4,104444.8,104350.0,104354.5,208.505,21767882.7652
0,2025-01-18 01:41:00,104354.6,104354.6,104250.0,104295.6,223.04,23261086.6006
0,2025-01-18 01:42:00,104295.5,104383.4,104206.0,104280.9,347.283,36208071.9527
0,2025-01-18 01:43:00,104280.9,104296.5,104235.6,104290.0,90.513,9437582.4453
0,2025-01-18 01:44:00,104329.9,104330.0,104156.0,104217.5,547.426,57047057.5519
0,2025-01-18 01:45:00,104217.7,104304.2,104130.0,104302.1,330.985,34492573.7466
0,2025-01-18 01:46:00,104302.0,104386.9,104279.6,104308.1,272.411,28422754.0385
0,2025-01-18 01:47:00,104308.0,104424.5,104304.0,104396.0,207.65,21674403.3767
0,2025-01-18 01:48:00,104396.1,104415.1,104364.0,104399.9,82.026,8563196.8704
0,2025-01-18 01:49:00,104382.7,104382.8,104256.9,104294.6,128.193,13372215.1365
0,2025-01-18 01:50:00,104294.6,104361.6,104166.6,104166.6,218.336,22765149.9125
0,2025-01-18 01:51:00,104166.7,104196.8,104058.0,104074.1,464.739,48380237.9433
0,2025-01-18 01:52:00,104074.1,104099.3,104000.3,104050.5,281.147,29252316.0085
0,2025-01-18 01:53:00,104050.5,104080.6,103964.7,103991.4,225.64,23469121.3157
0,2025-01-18 01:54:00,104036.1,104213.4,104036.0,104149.5,277.975,28940016.7208
0,2025-01-18 01:55:00,104149.5,104149.5,104026.0,104056.1,185.137,19268473.2678
0,2025-01-18 01:56:00,104056.1,104106.4,104045.1,104101.4,129.086,13436258.6242
0,2025-01-18 01:57:00,104101.4,104101.4,103965.4,104032.6,196.449,20432435.6496
0,2025-01-18 01:58:00,104032.6,104032.6,103999.0,104012.3,196.37,20424635.1419
0,2025-01-18 01:59:00,104003.9,104079.4,103972.8,104079.4,166.451,17313441.3102
0,2025-01-18 02:00:00,104079.5,104129.0,104011.7,104036.5,158.592,16505338.9492
0,2025-01-18 02:01:00,104036.5,104168.5,103972.8,104139.0,257.136,26762552.4756
0,2025-01-18 02:02:00,104139.0,104152.6,104038.8,104152.5,186.014,19360275.7657
0,2025-01-18 02:03:00,104152.6,104172.6,104093.6,104118.7,140.905,14673632.7151
0,2025-01-18 02:04:00,104141.2,104302.5,104141.2,104292.6,407.789,42497579.713
0,2025-01-18 02:05:00,104292.5,104350.0,104286.5,104311.2,251.496,26237078.6083
0,2025-01-18 02:06:00,104311.1,104317.4,104201.1,104241.1,106.77,11131907.307
0,2025-01-18 02:07:00,104241.1,104241.1,104116.3,104135.0,142.54,14847716.522
0,2025-01-18 02:08:00,104135.0,104188.2,104083.3,104150.9,132.751,13821163.7157
0,2025-01-18 02:17:00,104444.2,104523.7,104380.0,104408.1,310.754,32459451.0034
0,2025-01-18 02:18:00,104408.1,104520.0,104408.1,104510.0,136.729,14286116.1374
0,2025-01-18 02:19:00,104509.9,104542.0,104459.6,104526.8,174.921,18280802.8704
0,2025-01-18 02:20:00,104526.9,104615.8,104508.8,104601.2,257.455,26924678.9847
0,2025-01-18 02:21:00,104601.3,104623.9,104566.0,104579.0,88.374,9243541.4319
0,2025-01-18 02:22:00,104599.9,104685.0,104570.0,104643.4,153.214,16032614.8226
0,2025-01-18 02:23:00,104642.9,104684.1,104589.7,104589.8,143.023,14966081.9172
0,2025-01-18 02:24:00,104589.7,104596.5,104508.7,104555.0,111.275,11633930.8925
0,2025-01-18 02:25:00,104555.0,104621.3,104506.3,104621.3,134.124,14023800.5316
0,2025-01-18 02:26:00,104621.3,104650.0,104532.1,104532.1,50.699,5303226.1923
0,2025-01-18 02:27:00,104621.2,104665.9,104549.7,104565.8,112.409,11757709.2889
0,2025-01-18 02:28:00,104565.9,104613.5,104563.1,104588.9,55.521,5806698.0542
0,2025-01-18 02:29:00,104589.0,104595.2,104542.9,104542.9,43.856,4586027.3104
0,2025-01-18 02:30:00,104542.9,104602.1,104518.0,104602.0,85.317,8919982.2502
0,2025-01-18 02:31:00,104602.1,104650.0,104592.2,104608.7,65.306,6832409.1259
0,2025-01-18 02:32:00,104570.1,104596.7,104531.0,104531.1,38.614,4037453.3075
0,2025-01-18 02:33:00,104531.0,104579.9,104439.5,104553.5,180.554,18866471.1814
0,2025-01-18 02:34:00,104553.5,104660.1,104543.0,104635.3,66.865,6994568.1007
0,2025-01-18 02:35:00,104635.3,104672.2,104603.2,104624.7,102.006,10674009.5354
0,2025-01-18 02:36:00,104624.6,104680.0,104624.6,104671.4,85.826,8982891.5793
0,2025-01-18 02:37:00,104668.4,104800.0,104660.5,104771.9,295.059,30911352.7509
0,2025-01-18 02:38:00,104771.9,104791.0,104710.6,104737.1,101.998,10682948.0535
0,2025-01-18 02:39:00,104737.0,104737.1,104675.9,104690.3,68.123,7132840.537
0,2025-01-18 02:40:00,104690.3,104705.8,104666.0,104691.5,49.34,5165080.6344
0,2025-01-18 02:41:00,104691.5,104691.5,104605.8,104634.9,70.769,7404675.5336
0,2025-01-18 02:42:00,104629.3,104647.5,104546.4,104546.5,81.135,8485946.4023
0,2025-01-18 02:43:00,104546.4,104621.3,104544.3,104621.3,93.143,9740414.3298
0,2025-01-18 02:44:00,104621.3,104673.7,104621.2,104668.7,54.029,5654064.6817
0,2025-01-18 02:45:00,104668.6,104692.3,104637.0,104689.6,43.951,4600276.7153
0,2025-01-18 02:46:00,104688.5,104770.0,104687.3,104700.0,94.174,9862856.5385
0,2025-01-18 02:48:00,104744.2,104862.6,104740.8,104861.6,322.171,33770523.517
0,2025-01-18 02:49:00,104861.7,104861.7,104820.0,104836.0,93.931,9847214.0065
0,2025-01-18 02:50:00,104836.0,104845.6,104814.2,104820.1,109.682,11498044.9398
0,2025-01-18 02:51:00,104820.1,104860.0,104806.6,104850.0,81.066,8497778.9506
0,2025-01-18 02:52:00,104850.0,104850.0,104849.9,104850.0,0.676,70878.5831
0,2025-01-18 02:53:00,104853.9,104877.9,104818.0,104829.6,117.026,12269336.6829
0,2025-01-18 02:54:00,104829.6,104869.5,104829.6,104836.7,50.668,5312916.5763
0,2025-01-18 02:55:00,104836.7,104900.4,104780.2,104780.2,369.164,38706651.1236
0,2025-01-18 02:56:00,104780.3,104780.3,104644.6,104703.9,218.008,22824855.303
0,2025-01-18 02:57:00,104704.0,104734.0,104699.9,104733.6,27.781,2909109.123
0,2025-01-18 02:58:00,104743.7,104760.6,104725.8,104752.1,65.327,6842502.6351
0,2025-01-18 02:59:00,104752.2,104788.0,104743.9,104781.1,52.703,5521408.6337
0,2025-01-18 03:00:00,104781.0,104800.0,104747.3,104766.4,46.852,4908912.0749
0,2025-01-18 03:01:00,104766.4,104783.8,104710.2,104783.8,110.167,11539380.133
0,2025-01-18 03:02:00,104783.9,104857.5,104783.9,104832.9,88.956,9325136.8008
0,2025-01-18 03:03:00,104750.6,104809.8,104731.3,104803.0,46.788,4901535.2742
0,2025-01-18 03:04:00,104803.1,104834.3,104766.0,104767.0,56.315,5902154.5151
0,2025-01-18 03:05:00,104767.1,104807.6,104743.6,104788.0,77.704,8141921.3162
0,2025-01-18 03:06:00,104788.0,104792.3,104700.0,104711.2,92.514,9689547.7709
0,2025-01-18 03:07:00,104711.2,104738.5,104682.4,104713.9,43.08,4510454.3569
0,2025-01-18 03:08:00,104684.3,104687.9,104621.3,104637.0,209.993,21977097.9669
0,2025-01-18 03:09:00,104637.1,104786.4,104622.4,104786.4,94.893,9937657.1915
0,2025-01-18 03:10:00,104786.3,104875.7,104786.3,104875.7,90.404,9477434.7218
0,2025-01-18 03:11:00,104875.6,104983.3,104861.8,104922.1,293.819,30831657.4457
0,2025-01-18 03:12:00,104922.1,104988.6,104922.1,104981.0,115.939,12168980.9174
0,2025-01-18 03:13:00,104983.3,105058.4,104983.2,105035.3,479.719,50383841.2833
0,2025-01-18 03:14:00,105035.4,105081.6,105008.5,105079.1,219.404,23047790.0791
0,2025-01-18 03:15:00,105079.0,105138.0,104998.6,104998.8,401.998,42236565.5649
0,2025-01-18 03:16:00,104998.8,105109.9,104998.8,105109.8,77.563,8148356.5125
0,2025-01-18 03:17:00,105109.9,105129.9,105097.5,105128.0,89.462,9404049.6773
0,2025-01-18 03:18:00,105090.0,105350.0,105056.4,105350.0,658.366,69279425.4275
0,2025-01-18 03:19:00,105350.0,105500.0,105282.4,105335.4,1077.948,113587712.438
0,2025-01-18 03:20:00,105335.4,105419.6,105300.0,105411.6,337.72,35583855.5434
0,2025-01-18 03:21:00,105411.7,105582.4,105384.8,105555.0,976.962,103069813.2092
0,2025-01-18 03:22:00,105555.1,105566.6,105447.5,105540.2,335.219,35364507.8807
0,2025-01-18 03:23:00,105523.2,105591.8,105486.4,105503.1,347.753,36701660.6562
0,2025-01-18 03:24:00,105503.0,105598.0,105476.1,105592.3,223.677,23607534.4252
0,2025-01-18 03:25:00,105592.2,105742.8,105544.3,105614.3,1037.11,109571339.0392
0,2025-01-18 03:26:00,105614.3,105688.8,105545.3,105545.3,203.462,21490435.8663
0,2025-01-18 03:27:00,105545.4,105613.3,105474.5,105474.5,270.679,28565058.8782
0,2025-01-18 03:28:00,105490.9,105490.9,105330.4,105366.1,305.167,32164766.1557
0,2025-01-18 03:29:00,105366.1,105382.5,105312.4,105356.8,107.267,11300410.5193
0,2025-01-18 03:30:00,105356.9,105382.6,105318.0,105331.6,115.488,12167283.3019
0,2025-01-18 03:31:00,105331.6,105335.0,105250.0,105299.9,159.073,16748336.2366
0,2025-01-18 03:32:00,105299.9,105331.3,105264.6,105271.7,157.593,16593072.3877
0,2025-01-18 03:34:00,105095.4,105204.8,105075.3,105096.0,279.202,29355165.2688
0,2025-01-18 03:35:00,105096.0,105203.7,105087.9,105151.2,153.526,16142583.6264
0,2025-01-18 03:36:00,105151.2,105199.8,105119.5,105121.0,100.295,10546547.5932
0,2025-01-18 03:37:00,105120.2,105222.2,105096.0,105222.2,93.169,9795514.3718
0,2025-01-18 03:38:00,105222.2,105222.2,105222.1,105222.2,6.732,708355.7999
0,2025-01-18 03:39:00,105284.6,105367.9,105260.3,105260.3,90.792,9562531.8498
0,2025-01-18 03:40:00,105260.3,105350.0,105260.3,105335.2,86.827,9144120.8069
0,2025-01-18 03:41:00,105335.2,105516.8,105318.1,105485.0,203.575,21467837.484
0,2025-01-18 03:42:00,105485.0,105500.0,105449.0,105468.1,101.218,10676367.0648
0,2025-01-18 03:43:00,105468.2,105468.2,105468.1,105468.1,2.312,243842.3323
0,2025-01-18 03:44:00,105588.0,105588.0,105496.3,105574.9,131.123,13838290.9491
0,2025-01-18 03:45:00,105574.8,105588.0,105409.6,105461.7,286.971,30275558.9076
0,2025-01-18 03:46:00,105461.6,105613.1,105450.3,105610.3,203.452,21472743.6539
0,2025-01-18 03:47:00,105610.4,105650.0,105575.6,105576.8,217.869,23011791.3364
0,2025-01-18 03:48:00,105576.9,105609.5,105572.0,105595.8,23.442,2475201.7071
0,2025-01-18 03:49:00,105632.3,105662.7,105585.4,105641.0,130.124,13745570.7588
0,2025-01-18 03:50:00,105641.0,105662.6,105564.5,105573.2,89.006,9399533.5142
0,2025-01-18 03:51:00,105573.3,105781.3,105573.2,105759.7,470.362,49724889.7786
0,2025-01-18 03:52:00,105759.6,105784.0,105683.3,105692.8,259.138,27400149.1972
0,2025-01-18 03:53:00,105692.8,105732.8,105679.4,105685.2,37.523,3966440.5671
0,2025-01-18 03:54:00,105639.9,105720.0,105639.9,105689.8,104.45,11038734.7708
0,2025-01-18 03:55:00,105689.9,105739.1,105669.1,105716.6,111.002,11733751.476
0,2025-01-18 03:56:00,105716.6,105763.3,105636.0,105763.2,163.018,17229408.0398
0,2025-01-18 03:57:00,105763.2,105763.2,105677.2,105691.0,64.683,6837095.6041
0,2025-01-18 03:58:00,105691.0,105771.4,105691.0,105771.3,46.932,4962362.284
0,2025-01-18 03:59:00,105755.9,105775.1,105732.6,105770.9,155.17,16409738.1554
0,2025-01-18 04:00:00,105771.0,105783.9,105615.3,105618.7,301.51,31869914.6457
0,2025-01-18 04:01:00,105618.7,105714.4,105581.6,105672.0,184.973,19544131.9705
0,2025-01-18 04:02:00,105671.9,105756.0,105568.9,105716.3,389.301,41138298.9859
0,2025-01-18 04:03:00,105716.3,105716.4,105618.1,105681.5,104.775,11070933.3322
0,2025-01-18 04:04:00,105655.1,105655.2,105502.9,105502.9,259.907,27434608.0312
0,2025-01-18 04:05:00,105502.9,105519.2,105382.9,105383.0,528.934,55772518.4958
0,2025-01-18 04:06:00,105382.9,105400.4,105250.0,105350.0,560.768,59052064.2925
0,2025-01-18 04:07:00,105350.0,105434.6,105274.6,105290.2,215.693,22720646.2069
0,2025-01-18 04:08:00,105290.3,105290.3,105255.0,105286.8,135.779,14293562.5218
0,2025-01-18 04:09:00,105232.0,105402.3,105224.2,105402.3,249.56,26281285.031
0,2025-01-18 04:10:00,105402.3,105544.2,105393.3,105401.1,278.831,29411799.3949
0,2025-01-18 04:11:00,105401.0,105427.3,105260.4,105261.4,261.368,27541614.8339
0,2025-01-18 04:12:00,105261.4,105331.3,105250.0,105309.1,118.849,12514543.9254
0,2025-01-18 04:13:00,105309.2,105393.7,105300.0,105381.7,161.146,16973381.086
0,2025-01-18 04:14:00,105361.9,105390.0,105249.7,105390.0,169.405,17837437.5393
0,2025-01-18 04:15:00,105390.0,105473.3,105351.0,105404.3,93.617,9869433.1963
0,2025-01-18 04:16:00,105404.4,105462.2,105349.1,105349.1,162.648,17144901.0263
0,2025-01-18 04:17:00,105349.2,105387.7,105323.8,105351.6,138.674,14610131.434
0,2025-01-18 04:18:00,105351.5,105360.0,105300.0,105312.9,134.036,14118702.4252
0,2025-01-18 04:19:00,105294.5,105496.9,105294.5,105425.9,330.739,34866311.8408
0,2025-01-18 04:20:00,105425.8,105500.0,105390.6,105422.8,117.624,12402394.5646
0,2025-01-18 04:21:00,105422.2,105464.9,105356.8,105358.8,164.941,17386413.6827
0,2025-01-18 04:22:00,105358.8,105380.7,105316.1,105345.1,137.475,14482120.4538
0,2025-01-18 04:23:00,105345.0,105365.4,105290.5,105357.0,120.711,12712307.1626
0,2025-01-18 04:25:00,105271.9,105407.8,105253.8,105407.2,175.075,18439012.005
0,2025-01-18 04:26:00,105407.1,105407.1,105331.3,105398.6,129.947,13691220.926
0,2025-01-18 04:27:00,105398.5,105398.6,105272.2,105303.9,145.073,15276801.3955
0,2025-01-18 04:28:00,105303.9,105393.5,105293.8,105306.6,108.051,11379851.6235
0,2025-01-18 04:29:00,105306.6,105306.6,105306.5,105306.6,1.074,113099.2587
0,2025-01-18 04:30:00,105248.0,105288.6,105102.3,105102.3,320.431,33713884.3425
0,2025-01-18 04:31:00,105102.3,105200.0,105029.5,105131.5,288.555,30328818.2858
0,2025-01-18 04:32:00,105131.5,105189.3,105032.2,105056.4,292.755,30772041.8014
0,2025-01-18 04:33:00,105056.4,105181.2,105050.0,105178.3,339.996,35745273.5746
0,2025-01-18 04:34:00,105178.3,105194.6,105103.6,105103.7,97.74,10279117.6552
0,2025-01-18 04:35:00,105118.3,105166.5,105063.8,105094.1,204.314,21476103.7345
0,2025-01-18 04:36:00,105094.0,105146.3,105023.6,105104.0,285.662,30018035.4342
0,2025-01-18 04:37:00,105103.9,105114.2,105020.5,105038.1,159.998,16807556.0923
0,2025-01-18 04:38:00,105038.1,105128.3,105038.1,105093.5,215.111,22606387.2705
0,2025-01-18 04:39:00,105093.4,105093.5,105047.3,105047.3,33.378,3507332.0108
0,2025-01-18 04:40:00,105037.3,105067.5,104960.0,105015.1,334.539,35128934.2114
0,2025-01-18 04:41:00,105015.1,105036.1,104969.1,105012.9,118.295,12421872.624
0,2025-01-18 04:42:00,105013.0,105014.9,104922.5,104922.6,159.328,16724412.4571
0,2025-01-18 04:43:00,104922.5,104922.6,104821.1,104911.1,366.689,38454551.9989
0,2025-01-18 04:44:00,104911.1,104949.5,104889.1,104949.4,57.138,5994812.0892
0,2025-01-18 04:45:00,104989.3,105009.4,104949.0,104949.0,143.849,15102502.0377
0,2025-01-18 04:46:00,104949.1,104950.0,104855.0,104855.1,178.593,18732894.7788
0,2025-01-18 04:47:00,104855.0,104855.9,104797.4,104821.9,248.363,26034621.3983
0,2025-01-18 04:48:00,104821.9,104888.0,104811.5,104867.4,165.684,17372540.5449
0,2025-01-18 04:49:00,104867.3,104930.3,104857.6,104857.7,70.683,7413835.3996
0,2025-01-18 04:50:00,104868.1,104910.6,104830.4,104853.3,166.571,17470123.3132
0,2025-01-18 04:51:00,104853.4,104860.0,104753.5,104781.4,208.316,21829172.3145
0,2025-01-18 04:52:00,104781.3,104878.4,104763.4,104831.3,137.681,14430807.7181
0,2025-01-18 04:53:00,104831.4,104901.1,104826.1,104826.1,147.022,15417509.7517
0,2025-01-18 04:54:00,104826.1,104966.9,104826.1,104931.3,149.722,15707418.7534
0,2025-01-18 04:55:00,104905.2,104905.2,104750.0,104824.8,254.538,26675101.0299
0,2025-01-18 04:56:00,104824.7,104830.1,104632.7,104649.9,243.61,25504944.0989
0,2025-01-18 04:57:00,104650.0,104662.6,104500.0,104532.8,578.188,60459198.2915
0,2025-01-18 04:58:00,104533.1,104595.1,104500.1,104583.7,273.993,28644806.1608
0,2025-01-18 04:59:00,104583.7,104806.0,104566.6,104658.9,560.425,58672487.4871
0,2025-01-18 05:00:00,104654.4,104727.9,104575.6,104626.8,368.74,38581613.5829
0,2025-01-18 05:01:00,104626.7,104637.3,104542.3,104542.7,261.375,27335721.0415
0,2025-01-18 05:02:00,104542.8,104626.8,104529.1,104599.8,178.986,18718435.0552
0,2025-01-18 05:03:00,104599.7,104640.5,104550.2,104623.5,139.751,14617981.1281
0,2025-01-18 05:04:00,104623.5,104650.0,104553.2,104650.0,52.508,5492723.4206
0,2025-01-18 05:05:00,104662.6,104837.8,104649.9,104787.1,318.272,33352084.7791
0,2025-01-18 05:06:00,104787.1,104794.2,104672.3,104678.0,134.914,14130924.8722
0,2025-01-18 05:07:00,104678.1,104717.9,104672.3,104701.1,66.532,6965318.5131
0,2025-01-18 05:08:00,104701.0,104701.1,104605.5,104605.6,138.042,14446444.2382
0,2025-01-18 05:09:00,104605.6,104652.5,104530.5,104566.9,144.3,15091837.9786
0,2025-01-18 05:10:00,104550.0,104608.4,104540.8,104598.4,77.699,8125769.7526
0,2025-01-18 05:11:00,104598.4,104662.0,104593.0,104619.8,118.76,12424502.1801
0,2025-01-18 05:12:00,104619.9,104672.6,104619.8,104672.5,55.059,5761533.7652
0,2025-01-18 05:13:00,104672.5,104716.5,104644.0,104707.9,91.815,9611363.5315
0,2025-01-18 05:14:00,104707.8,104755.6,104679.5,104735.2,143.376,15013154.5115
0,2025-01-18 05:16:00,104789.4,104806.1,104705.0,104718.1,251.622,26357056.0948
0,2025-01-18 05:17:00,104718.1,104725.2,104666.0,104715.2,147.718,15464391.4661
0,2025-01-18 05:18:00,104715.2,104721.9,104666.1,104666.2,103.896,10878707.0288
0,2025-01-18 05:19:00,104666.1,104724.2,104666.1,104715.4,65.945,6904055.9967
0,2025-01-18 05:20:00,104715.4,104715.4,104713.0,104713.0,1.352,141574.0578
0,2025-01-18 05:21:00,104710.1,104847.5,104710.1,104829.9,182.028,19078542.7635
0,2025-01-18 05:22:00,104829.9,104918.4,104829.9,104914.0,180.05,18884968.2515
0,2025-01-18 05:23:00,104914.0,104914.0,104844.5,104887.0,105.144,11026369.6237
0,2025-01-18 05:24:00,104887.0,104890.7,104859.6,104862.9,102.305,10729162.9729
0,2025-01-18 05:25:00,104862.9,104904.9,104862.9,104904.9,13.518,1417735.8343
0,2025-01-18 05:26:00,104976.2,105000.0,104950.0,104956.5,161.894,16995315.8401
0,2025-01-18 05:27:00,104956.4,105004.2,104955.6,104969.2,97.95,10282206.9357
0,2025-01-18 05:28:00,104969.2,104991.4,104934.1,104957.0,56.664,5947503.5193
0,2025-01-18 05:29:00,104957.1,104957.1,104900.0,104943.2,126.704,13293692.5046
0,2025-01-18 05:30:00,104943.2,104943.2,104927.4,104937.5,12.918,1355544.483
0,2025-01-18 05:31:00,104916.2,104992.0,104916.2,104971.1,70.231,7371965.9136
0,2025-01-18 05:32:00,104971.2,104971.2,104905.3,104912.8,38.956,4087501.491
0,2025-01-18 05:33:00,104912.7,104912.7,104757.5,104772.3,149.288,15650487.8342
0,2025-01-18 05:34:00,104772.3,104791.4,104720.4,104791.4,156.661,16409516.7537
0,2025-01-18 05:35:00,104791.4,104800.4,104791.3,104800.4,9.679,1014318.9577
0,2025-01-18 05:36:00,104824.3,104840.1,104772.9,104792.9,41.879,4388962.2743
0,2025-01-18 05:37:00,104792.8,104813.1,104764.5,104772.9,77.816,8153763.3319
0,2025-01-18 05:38:00,104772.9,104772.9,104643.5,104654.2,102.75,10757352.4223
0,2025-01-18 05:39:00,104654.3,104720.0,104645.5,104720.0,85.729,8972972.8917
0,2025-01-18 05:40:00,104719.9,104779.9,104701.2,104764.5,84.747,8876442.9517
0,2025-01-18 05:41:00,104687.9,104702.0,104642.8,104690.7,62.071,6497282.4782
0,2025-01-18 05:42:00,104690.7,104784.9,104690.6,104784.9,72.032,7543944.9176
0,2025-01-18 05:43:00,104784.9,104892.7,104784.8,104892.7,73.061,7659937.9734
0,2025-01-18 05:44:00,104892.7,104892.7,104768.2,104782.9,59.494,6236014.9655
0,2025-01-18 05:45:00,104782.9,104833.9,104782.8,104826.9,19.81,2076263.8228
0,2025-01-18 05:46:00,104874.0,104874.0,104825.5,104825.5,22.254,2333298.3154
0,2025-01-18 05:47:00,104825.6,104830.7,104752.0,104752.0,36.52,3826574.7716
0,2025-01-18 05:48:00,104752.1,104755.8,104721.8,104753.9,40.82,4275660.8506
0,2025-01-18 05:49:00,104753.9,104753.9,104721.9,104738.2,44.692,4680795.1067
0,2025-01-18 05:50:00,104738.3,104746.6,104710.0,104710.1,23.727,2485105.585
0,2025-01-18 05:51:00,104615.9,104615.9,104410.0,104476.9,482.891,50452199.8748
0,2025-01-18 05:52:00,104477.0,104550.2,104425.0,104550.2,125.143,13075158.2804
0,2025-01-18 05:53:00,104550.1,104600.0,104469.5,104600.0,151.772,15865685.0506
0,2025-01-18 05:54:00,104600.0,104631.2,104502.7,104502.7,102.826,10752700.7698
0,2025-01-18 05:55:00,104502.8,104601.2,104502.7,104601.2,42.57,4449634.2551
0,2025-01-18 05:56:00,104583.4,104605.8,104561.7,104568.6,36.418,3808684.4616
0,2025-01-18 05:57:00,104568.7,104614.1,104568.6,104614.1,32.349,3383630.7174
0,2025-01-18 05:58:00,104614.1,104659.8,104611.9,104612.0,125.716,13154108.336
0,2025-01-18 05:59:00,104611.9,104630.3,104549.9,104568.8,69.452,7263332.5786
0,2025-01-18 06:00:00,104568.8,104595.0,104524.8,104529.9,85.234,8911892.7728
0,2025-01-18 06:01:00,104544.2,104588.0,104544.2,104588.0,31.017,3243440.4093
0,2025-01-18 06:02:00,104587.9,104655.2,104581.6,104592.9,52.902,5534773.9292
0,2025-01-18 06:03:00,104592.9,104632.8,104555.6,104632.8,44.42,4645640.4642
0,2025-01-18 06:04:00,104632.9,104641.5,104583.6,104615.9,52.941,5538683.3194
0,2025-01-18 06:05:00,104615.9,104634.9,104595.0,104623.1,32.031,3350974.9722
0,2025-01-18 06:07:00,104543.7,104550.0,104429.9,104504.6,149.956,15667260.8309
0,2025-01-18 06:08:00,104504.6,104595.0,104497.6,104578.7,140.157,14655016.0069
0,2025-01-18 06:09:00,104578.7,104578.8,104479.2,104500.8,150.931,15774474.9473
0,2025-01-18 06:10:00,104500.8,104511.3,104481.8,104481.9,76.623,8006553.3627
0,2025-01-18 06:11:00,104481.8,104481.9,104481.8,104481.8,0.816,85257.198
0,2025-01-18 06:12:00,104438.5,104453.8,104322.4,104415.4,250.788,26178573.6798
0,2025-01-18 06:13:00,104415.5,104430.0,104369.6,104413.7,121.604,12695783.4201
0,2025-01-18 06:14:00,104413.6,104413.7,104365.2,104365.3,60.53,6318901.3351
0,2025-01-18 06:15:00,104365.1,104397.5,104306.4,104336.2,193.237,20163479.3743
0,2025-01-18 06:16:00,104336.1,104336.2,104317.7,104336.0,4.538,473451.1208
0,2025-01-18 06:17:00,104395.0,104410.0,104383.6,104410.0,90.19,9415821.7999
0,2025-01-18 06:18:00,104410.0,104410.0,104337.2,104337.2,55.503,5793490.7523
0,2025-01-18 06:19:00,104337.2,104366.4,104337.2,104342.6,61.545,6422056.9609
0,2025-01-18 06:20:00,104342.6,104350.9,104326.3,104350.8,47.849,4992288.3183
0,2025-01-18 06:21:00,104350.9,104356.6,104350.9,104356.6,9.738,1016215.5901
0,2025-01-18 06:22:00,104424.0,104424.0,104409.3,104416.8,39.01,4073372.6302
0,2025-01-18 06:23:00,104416.8,104463.0,104416.7,104438.1,62.463,6523907.6087
0,2025-01-18 06:24:00,104438.1,104438.2,104400.0,104400.0,38.047,3973003.6353
0,2025-01-18 06:25:00,104400.1,104433.0,104400.0,104425.5,33.512,3499399.4365
0,2025-01-18 06:26:00,104425.5,104425.5,104425.4,104425.5,4.628,483280.8751
0,2025-01-18 06:27:00,104472.6,104538.0,104472.5,104500.5,64.96,6789674.4516
0,2025-01-18 06:28:00,104500.5,104536.4,104500.4,104536.4,18.599,1943936.3091
0,2025-01-18 06:29:00,104536.6,104552.3,104536.5,104552.3,29.741,3109405.9719
0,2025-01-18 06:30:00,104552.3,104552.3,104488.5,104488.5,39.69,4148363.0592
0,2025-01-18 06:31:00,104488.5,104488.5,104485.4,104485.4,7.553,789179.0972
0,2025-01-18 06:32:00,104455.6,104479.1,104408.2,104478.8,59.127,6174533.5029
0,2025-01-18 06:33:00,104478.9,104550.2,104472.1,104550.2,28.772,3007059.5906
0,2025-01-18 06:34:00,104550.2,104550.2,104510.4,104510.4,30.715,3210761.5488
0,2025-01-18 06:35:00,104510.4,104591.7,104510.4,104588.5,67.925,7101956.1741
0,2025-01-18 06:36:00,104588.5,104602.5,104550.0,104602.5,38.489,4025317.5471
0,2025-01-18 06:37:00,104603.5,104610.5,104552.0,104589.7,71.819,7510909.6457
0,2025-01-18 06:38:00,104589.8,104610.5,104589.7,104610.4,26.27,2747893.1121
0,2025-01-18 06:39:00,104610.4,104610.5,104563.3,104563.3,30.911,3232826.3406
0,2025-01-18 06:40:00,104563.4,104580.4,104556.1,104559.3,30.952,3236479.9413
0,2025-01-18 06:41:00,104559.3,104559.3,104552.0,104552.0,14.903,1558169.5161
0,2025-01-18 06:42:00,104552.1,104552.1,104511.7,104511.8,35.098,3668945.5786
0,2025-01-18 06:43:00,104511.8,104511.8,104447.2,104500.0,70.411,7356223.0337
0,2025-01-18 06:44:00,104500.0,104553.8,104499.9,104553.8,58.855,6152008.5694
0,2025-01-18 06:45:00,104553.8,104554.3,104425.5,104425.6,26.816,2802321.4026
0,2025-01-18 06:46:00,104425.6,104438.9,104257.8,104257.8,278.932,29098106.6988
0,2025-01-18 06:47:00,104337.2,104366.8,104257.8,104286.2,115.876,12086297.9271
0,2025-01-18 06:48:00,104286.2,104296.6,104150.0,104175.6,424.242,44211209.4774
0,2025-01-18 06:49:00,104175.5,104297.6,104158.3,104287.6,122.627,12783100.9194
0,2025-01-18 06:50:00,104287.7,104416.9,104287.6,104406.9,81.008,8453647.5735
0,2025-01-18 06:51:00,104406.9,104406.9,104308.7,104381.9,67.942,7091171.9119
0,2025-01-18 06:53:00,104462.7,104462.8,104388.3,104431.1,36.623,3823811.919
0,2025-01-18 06:54:00,104431.2,104431.2,104395.1,104400.9,49.716,5190484.3237
0,2025-01-18 06:55:00,104400.9,104475.1,104395.1,104468.0,32.589,3403393.9621
0,2025-01-18 06:56:00,104468.0,104475.1,104459.0,104474.8,28.144,2940225.5868
0,2025-01-18 06:57:00,104474.8,104474.8,104474.8,104474.8,0.002,208.9496
0,2025-01-18 06:58:00,104445.0,104445.0,104358.1,104358.2,39.974,4174096.9795
0,2025-01-18 06:59:00,104358.1,104370.9,104331.3,104370.9,54.122,5647634.4628
0,2025-01-18 07:00:00,104370.9,104370.9,104227.7,104246.6,321.302,33507182.2103
0,2025-01-18 07:01:00,104246.6,104300.0,104210.0,104300.0,80.526,8393513.7805
0,2025-01-18 07:02:00,104299.9,104337.2,104299.9,104337.1,6.888,718510.6297
0,2025-01-18 07:03:00,104336.9,104349.9,104277.0,104311.1,85.936,8964379.9263
0,2025-01-18 07:04:00,104311.1,104370.9,104300.8,104358.3,46.655,4867931.7054
0,2025-01-18 07:05:00,104358.2,104358.3,104318.1,104318.8,24.302,2535620.912
0,2025-01-18 07:06:00,104318.8,104318.9,104281.3,104312.7,27.337,2851118.2163
0,2025-01-18 07:07:00,104312.7,104329.5,104312.6,104329.5,4.481,467468.2404
0,2025-01-18 07:08:00,104320.9,104344.8,104315.1,104344.8,35.222,3674704.3592
0,2025-01-18 07:09:00,104344.8,104384.6,104338.9,104359.1,51.948,5421605.6839
0,2025-01-18 07:10:00,104359.2,104370.3,104334.2,104351.8,25.221,2631941.093
0,2025-01-18 07:11:00,104351.8,104351.8,104317.4,104317.5,16.708,1743057.3634
0,2025-01-18 07:12:00,104317.4,104328.6,104317.4,104328.5,5.91,616534.4335
0,2025-01-18 07:13:00,104367.0,104388.6,104366.9,104370.6,26.455,2761425.9456
0,2025-01-18 07:14:00,104370.6,104424.9,104370.5,104408.4,53.032,5537105.0628
0,2025-01-18 07:15:00,104408.4,104430.5,104389.4,104398.7,24.676,2576322.7375
0,2025-01-18 07:16:00,104398.8,104443.4,104398.7,104422.6,38.576,4028527.3231
0,2025-01-18 07:17:00,104422.6,104422.6,104400.1,104400.1,20.063,2094842.8582
0,2025-01-18 07:18:00,104436.4,104446.5,104400.8,104419.7,40.271,4205216.1008
0,2025-01-18 07:19:00,104419.8,104419.8,104370.0,104381.3,101.129,10556555.5049
0,2025-01-18 07:20:00,104381.4,104394.3,104381.3,104394.3,14.703,1534846.044
0,2025-01-18 07:21:00,104394.2,104394.3,104370.3,104394.3,27.685,2889704.6071
0,2025-01-18 07:22:00,104394.3,104394.3,104354.7,104362.5,27.044,2822689.898
0,2025-01-18 07:23:00,104383.8,104423.5,104374.4,104423.5,34.629,3615279.1353
0,2025-01-18 07:24:00,104423.5,104423.5,104386.9,104400.4,29.546,3084773.098
0,2025-01-18 07:25:00,104400.4,104469.1,104400.3,104440.9,131.618,13747561.364
0,2025-01-18 07:26:00,104440.8,104491.1,104440.8,104478.6,42.932,4485429.5372
0,2025-01-18 07:27:00,104478.6,104478.7,104454.5,104454.5,13.414,1401393.6078
0,2025-01-18 07:28:00,104454.4,104454.5,104430.0,104430.1,24.874,2597986.0509
0,2025-01-18 07:29:00,104430.1,104430.1,104367.8,104384.1,73.767,7700108.9208
0,2025-01-18 07:30:00,104384.1,104384.2,104352.2,104352.2,14.435,1506685.0752
0,2025-01-18 07:31:00,104352.2,104356.0,104330.3,104330.3,44.551,4648859.6329
0,2025-01-18 07:32:00,104330.0,104330.1,104307.1,104310.0,38.033,3967414.1754
0,2025-01-18 07:33:00,104284.0,104309.7,104260.8,104272.8,86.006,8968555.0543
0,2025-01-18 07:34:00,104272.8,104272.9,104222.0,104222.1,52.695,5493145.2275
0,2025-01-18 07:35:00,104222.1,104295.0,104222.1,104273.6,75.327,7854956.3085
0,2025-01-18 07:36:00,104273.7,104286.0,104253.4,104270.3,30.297,3158899.4694
0,2025-01-18 07:37:00,104270.3,104297.8,104263.3,104297.7,18.005,1877444.9667
0,2025-01-18 07:38:00,104297.7,104337.2,104294.9,104308.0,47.534,4958653.7953
0,2025-01-18 07:39:00,104307.9,104308.0,104275.7,104275.7,20.614,2149882.5818
0,2025-01-18 07:40:00,104275.8,104294.7,104275.7,104294.7,18.147,1892341.5889
0,2025-01-18 07:41:00,104295.0,104297.0,104270.0,104277.0,25.153,2622943.2404
0,2025-01-18 07:42:00,104277.0,104307.7,104261.0,104261.0,44.028,4591476.3342
0,2025-01-18 07:44:00,104249.9,104249.9,104223.6,104227.8,44.842,4673949.4578
0,2025-01-18 07:45:00,104227.9,104227.9,104209.9,104220.2,37.476,3905628.8146
0,2025-01-18 07:46:00,104220.3,104220.3,104195.2,104195.2,27.14,2828165.1824
0,2025-01-18 07:47:00,104195.2,104195.2,104130.9,104161.0,116.572,12142699.1992
0,2025-01-18 07:48:00,104161.0,104161.0,104160.9,104160.9,0.437,45518.3187
0,2025-01-18 07:49:00,104135.2,104154.6,104132.7,104150.0,73.614,7666451.0367
0,2025-01-18 07:50:00,104149.9,104150.0,104111.1,104112.4,52.374,5453523.8431
0,2025-01-18 07:51:00,104112.3,104125.0,104100.0,104125.0,53.96,5617633.7792
0,2025-01-18 07:52:00,104124.9,104134.4,104100.0,104100.8,46.15,4804780.5498
0,2025-01-18 07:53:00,104100.8,104100.8,104073.9,104074.2,50.391,5245117.09
0,2025-01-18 07:54:00,104099.9,104119.4,104098.9,104119.4,62.688,6525948.6078
0,2025-01-18 07:55:00,104119.3,104119.6,104067.0,104076.0,47.862,4982660.3728
0,2025-01-18 07:56:00,104076.1,104093.1,104067.0,104092.4,43.636,4541725.0214
0,2025-01-18 07:57:00,104092.3,104092.5,104091.0,104091.1,31.547,3283799.3214
0,2025-01-18 07:58:00,104091.0,104091.1,104076.8,104080.6,19.236,2002066.6274
0,2025-01-18 07:59:00,104057.3,104057.3,104024.8,104042.5,86.957,9047041.3268
0,2025-01-18 08:00:00,104042.6,104168.8,104042.5,104118.3,323.056,33633400.5838
0,2025-01-18 08:01:00,104118.4,104118.4,104075.0,104083.5,71.832,7477795.9105
0,2025-01-18 08:02:00,104083.6,104100.0,104036.2,104098.0,99.449,10349429.2484
0,2025-01-18 08:03:00,104098.0,104100.0,104084.2,104100.0,16.632,1731256.598
0,2025-01-18 08:04:00,104111.7,104221.6,104104.0,104175.7,180.714,18827680.4315
0,2025-01-18 08:05:00,104175.8,104199.2,104150.0,104199.1,91.708,9552605.9381
0,2025-01-18 08:06:00,104199.2,104242.3,104182.6,104242.3,129.184,13463378.1969
0,2025-01-18 08:07:00,104242.3,104300.6,104219.0,104300.6,152.524,15901722.0795
0,2025-01-18 08:08:00,104300.7,104317.0,104291.1,104316.9,47.026,4905074.6606
0,2025-01-18 08:09:00,104280.2,104290.1,104244.9,104290.0,71.605,7466357.4942
0,2025-01-18 08:10:00,104289.9,104366.5,104289.9,104359.8,127.898,13345330.271
0,2025-01-18 08:11:00,104359.8,104359.8,104300.0,104300.0,49.259,5139741.3443
0,2025-01-18 08:12:00,104300.0,104314.5,104286.9,104296.9,66.643,6950791.8637
0,2025-01-18 08:13:00,104296.8,104314.4,104286.8,104314.4,16.146,1684057.4999
0,2025-01-18 08:14:00,104314.5,104326.1,104294.3,104323.2,40.771,4252957.6673
0,2025-01-18 08:15:00,104323.2,104352.1,104303.7,104338.2,45.872,4785597.0025
0,2025-01-18 08:16:00,104338.2,104442.5,104338.2,104430.0,133.976,13988122.397
0,2025-01-18 08:17:00,104430.0,104432.8,104417.2,104432.0,65.341,6823406.9478
0,2025-01-18 08:18:00,104432.1,104432.1,104400.1,104400.1,59.709,6234887.5459
0,2025-01-18 08:19:00,104400.5,104400.5,104321.6,104321.6,56.298,5875151.9097
0,2025-01-18 08:20:00,104321.6,104335.8,104289.9,104289.9,71.309,7437483.7697
0,2025-01-18 08:21:00,104289.9,104289.9,104255.4,104269.1,38.095,3972095.0963
0,2025-01-18 08:22:00,104269.2,104269.2,104240.1,104240.1,36.026,3755761.8486
0,2025-01-18 08:23:00,104240.0,104276.6,104240.0,104276.6,19.091,1990432.0199
0,2025-01-18 08:24:00,104265.6,104265.6,104250.0,104259.8,19.992,2084351.0022
0,2025-01-18 08:25:00,104259.8,104259.8,104208.6,104208.7,56.087,5846083.5581
0,2025-01-18 08:26:00,104208.6,104220.0,104195.2,104198.2,51.275,5342978.3834
0,2025-01-18 08:27:00,104198.2,104221.9,104161.6,104221.8,56.067,5841152.0598
0,2025-01-18 08:28:00,104221.8,104221.9,104203.0,104203.0,24.485,2551530.2891
0,2025-01-18 08:29:00,104213.7,104219.0,104187.7,104187.8,35.221,3670306.4351
0,2025-01-18 08:30:00,104187.7,104220.0,104165.0,104214.4,26.999,2813105.3011
0,2025-01-18 08:31:00,104214.5,104266.2,104214.4,104264.6,46.901,4889003.1391
0,2025-01-18 08:32:00,104264.7,104278.2,104219.3,104220.7,45.278,4720604.9774
0,2025-01-18 08:33:00,104220.7,104259.4,104220.7,104259.3,14.645,1526722.8637
0,2025-01-18 08:34:00,104259.4,104278.1,104250.0,104267.6,24.191,2522309.6972
0,2025-01-18 08:35:00,104267.6,104329.1,104250.0,104304.1,45.014,4694947.3745
0,2025-01-18 08:36:00,104304.1,104362.1,104304.0,104351.3,47.058,4910185.4854
0,2025-01-18 08:37:00,104351.3,104377.8,104350.1,104377.4,34.722,3623801.2144
0,2025-01-18 08:38:00,104377.5,104408.2,104377.4,104408.2,45.995,4801527.1175
0,2025-01-18 08:40:00,104430.0,104479.2,104429.9,104479.1,106.285,11102636.1203
0,2025-01-18 08:41:00,104479.2,104498.0,104472.4,104494.4,85.205,8902515.2001
0,2025-01-18 08:42:00,104494.4,104561.9,104494.3,104551.6,93.252,9747428.0914
0,2025-01-18 08:43:00,104551.6,104561.9,104519.9,104519.9,57.794,6042023.0238
0,2025-01-18 08:44:00,104519.9,104520.0,104519.9,104519.9,1.63,170367.5145
0,2025-01-18 08:45:00,104527.4,104527.4,104487.7,104513.7,63.548,6640536.5901
0,2025-01-18 08:46:00,104514.0,104545.9,104511.3,104517.5,38.778,4053231.0108
0,2025-01-18 08:47:00,104517.6,104534.9,104509.0,104534.8,65.696,6866508.0434
0,2025-01-18 08:48:00,104534.9,104568.6,104534.8,104534.9,46.851,4898687.8959
0,2025-01-18 08:49:00,104534.9,104535.0,104534.9,104535.0,6.809,711778.2762
0,2025-01-18 08:50:00,104500.7,104505.9,104482.2,104500.7,77.037,8049762.931
0,2025-01-18 08:51:00,104500.7,104515.0,104494.2,104500.8,40.88,4272046.8184
0,2025-01-18 08:52:00,104500.9,104515.0,104500.8,104514.9,53.998,5643273.0166
0,2025-01-18 08:53:00,104515.0,104515.0,104502.9,104514.9,33.03,3451767.7167
0,2025-01-18 08:54:00,104514.9,104514.9,104514.8,104514.9,3.62,378343.766
0,2025-01-18 08:55:00,104478.0,104521.7,104477.9,104521.6,35.796,3740889.9744
0,2025-01-18 08:56:00,104521.7,104554.2,104521.6,104551.1,37.087,3877085.8544
0,2025-01-18 08:57:00,104551.1,104609.3,104521.5,104549.2,152.736,15972030.8796
0,2025-01-18 08:58:00,104549.3,104549.3,104522.0,104526.3,27.178,2841105.0073
0,2025-01-18 08:59:00,104526.3,104563.4,104526.2,104563.3,11.552,1207643.5697
0,2025-01-18 09:00:00,104615.7,104615.7,104485.8,104485.9,91.508,9566339.642
0,2025-01-18 09:01:00,104485.8,104516.5,104450.1,104516.4,65.798,6874084.5796
0,2025-01-18 09:02:00,104516.4,104560.2,104500.2,104506.9,47.412,4956113.2676
0,2025-01-18 09:03:00,104506.8,104506.9,104462.0,104462.1,34.909,3647506.6216
0,2025-01-18 09:04:00,104462.0,104481.1,104456.7,104462.0,15.989,1670318.2476
0,2025-01-18 09:05:00,104463.1,104535.1,104447.0,104521.9,57.813,6040848.7371
0,2025-01-18 09:06:00,104521.8,104521.9,104422.3,104422.5,48.674,5084029.9364
0,2025-01-18 09:07:00,104422.5,104450.8,104413.3,104424.9,46.986,4906721.167
0,2025-01-18 09:08:00,104424.9,104424.9,104390.8,104394.9,31.942,3334923.0373
0,2025-01-18 09:09:00,104394.9,104397.1,104390.6,104390.6,16.351,1706960.4316
0,2025-01-18 09:10:00,104400.0,104421.9,104394.0,104415.9,33.188,3465022.1109
0,2025-01-18 09:11:00,104415.9,104426.4,104390.6,104426.3,24.093,2515661.3232
0,2025-01-18 09:12:00,104426.3,104450.8,104426.3,104430.0,29.081,3037300.7561
0,2025-01-18 09:13:00,104430.0,104430.1,104395.8,104418.3,58.122,6069089.3301
0,2025-01-18 09:14:00,104418.3,104433.9,104409.6,104409.6,19.386,2024313.6274
0,2025-01-18 09:15:00,104397.4,104397.4,104270.1,104289.8,237.649,24792236.5942
0,2025-01-18 09:16:00,104289.8,104326.7,104276.0,104276.0,72.05,7514667.7383
0,2025-01-18 09:17:00,104276.0,104328.1,104266.6,104328.1,65.662,6847074.7268
0,2025-01-18 09:18:00,104328.5,104355.8,104299.9,104300.0,43.341,4521607.1436
0,2025-01-18 09:19:00,104300.0,104329.1,104294.3,104329.0,89.65,9350698.5807
0,2025-01-18 09:20:00,104345.0,104368.4,104311.8,104368.4,35.559,3710211.2514
0,2025-01-18 09:21:00,104368.3,104408.2,104368.3,104396.3,62.075,6480416.1693
0,2025-01-18 09:22:00,104396.3,104396.3,104358.4,104382.4,22.294,2326989.2513
0,2025-01-18 09:23:00,104382.5,104439.1,104382.4,104439.1,36.216,3781422.2084
0,2025-01-18 09:24:00,104439.0,104471.1,104422.4,104432.9,36.89,3853045.3506
0,2025-01-18 09:25:00,104432.9,104471.1,104432.8,104464.3,27.369,2858809.4752
0,2025-01-18 09:26:00,104464.2,104464.2,104450.0,104464.2,13.226,1381594.5605
0,2025-01-18 09:27:00,104464.2,104500.0,104436.6,104500.0,26.499,2768523.6057
0,2025-01-18 09:28:00,104499.9,104590.0,104479.9,104555.2,127.006,13276949.1945
0,2025-01-18 09:29:00,104555.2,104555.2,104521.7,104521.7,17.503,1829747.0134
0,2025-01-18 09:31:00,104422.4,104422.5,104361.2,104400.8,60.598,6325591.8776
0,2025-01-18 09:32:00,104400.7,104421.9,104391.1,104402.5,12.697,1325686.3159
0,2025-01-18 09:33:00,104402.4,104402.5,104326.9,104326.9,43.208,4509149.7048
0,2025-01-18 09:34:00,104327.0,104349.6,104307.0,104316.1,45.307,4726681.1536
0,2025-01-18 09:35:00,104316.1,104316.2,104311.1,104311.1,6.722,701204.8582
0,2025-01-18 09:36:00,104266.2,104316.0,104250.1,104315.9,59.549,6209390.0432
0,2025-01-18 09:37:00,104316.0,104330.6,104300.1,104330.6,27.457,2864092.5908
0,2025-01-18 09:38:00,104330.6,104357.6,104321.5,104357.5,34.914,3642752.0253
0,2025-01-18 09:39:00,104357.6,104366.1,104337.0,104345.7,32.674,3409615.9644
0,2025-01-18 09:40:00,104345.7,104345.8,104329.9,104330.0,4.102,428004.9392
0,2025-01-18 09:41:00,104302.4,104351.9,104302.4,104351.8,14.726,1536287.4716
0,2025-01-18 09:42:00,104351.8,104380.2,104351.8,104380.2,13.377,1396077.6276
0,2025-01-18 09:43:00,104380.2,104400.0,104260.8,104272.8,241.643,25210632.4854
0,2025-01-18 09:44:00,104272.8,104302.3,104239.7,104239.8,37.567,3917015.4337
0,2025-01-18 09:45:00,104239.8,104239.8,104226.0,104226.1,20.018,2086528.817
0,2025-01-18 09:46:00,104190.2,104206.1,104139.0,104165.9,92.351,9620867.7509
0,2025-01-18 09:47:00,104165.9,104166.0,104055.0,104088.7,196.036,20406340.4291
0,2025-01-18 09:48:00,104088.8,104214.6,104088.7,104107.7,293.814,30604317.6035
0,2025-01-18 09:49:00,104107.7,104166.2,104104.4,104166.2,71.052,7398788.4242
0,2025-01-18 09:50:00,104166.2,104166.2,104142.4,104156.4,55.856,5817945.5824
0,2025-01-18 09:51:00,104163.3,104199.6,104163.2,104199.6,50.149,5224732.409
0,2025-01-18 09:52:00,104199.5,104224.8,104196.0,104224.7,35.283,3677003.5991
0,2025-01-18 09:53:00,104224.8,104224.8,104185.9,104185.9,27.71,2887516.7151
0,2025-01-18 09:54:00,104186.0,104196.3,104165.0,104196.2,29.621,3085854.2987
0,2025-01-18 09:55:00,104196.2,104220.0,104196.2,104220.0,12.417,1293863.6459
0,2025-01-18 09:56:00,104208.9,104208.9,104192.0,104197.5,14.809,1543084.9767
0,2025-01-18 09:57:00,104197.6,104233.1,104193.3,104204.9,47.962,4998103.9587
0,2025-01-18 09:58:00,104204.9,104236.8,104204.9,104236.8,36.177,3770419.5073
0,2025-01-18 09:59:00,104236.7,104236.7,104220.2,104227.8,26.677,2780537.8096
0,2025-01-18 10:00:00,104227.7,104253.9,104227.7,104253.9,22.26,2320429.516
0,2025-01-18 10:01:00,104253.9,104317.0,104253.8,104301.2,142.475,14858687.7702
0,2025-01-18 10:02:00,104301.1,104327.3,104301.1,104312.7,31.111,3245427.9977
0,2025-01-18 10:03:00,104312.6,104327.2,104312.6,104322.7,24.044,2508178.4462
0,2025-01-18 10:04:00,104322.7,104331.3,104320.2,104320.2,27.397,2858296.9464
0,2025-01-18 10:05:00,104320.3,104331.3,104305.9,104329.1,13.427,1400708.5204
0,2025-01-18 10:06:00,104343.1,104343.1,104290.1,104319.7,44.869,4680535.1558
0,2025-01-18 10:07:00,104319.8,104319.8,104311.4,104319.8,15.655,1633087.8136
0,2025-01-18 10:08:00,104319.8,104348.4,104319.7,104348.3,17.676,1844223.987
0,2025-01-18 10:09:00,104348.4,104373.3,104336.0,104373.3,45.885,4788469.1726
0,2025-01-18 10:10:00,104373.3,104379.3,104373.2,104374.1,34.027,3551592.4414
0,2025-01-18 10:11:00,104374.1,104386.0,104374.1,104382.5,54.992,5740021.2161
0,2025-01-18 10:12:00,104382.5,104386.0,104341.2,104341.2,38.65,4033818.7566
0,2025-01-18 10:13:00,104341.3,104345.0,104319.9,104328.2,19.749,2060582.5899
0,2025-01-18 10:14:00,104328.2,104345.7,104328.2,104345.7,18.638,1944547.156
0,2025-01-18 10:15:00,104345.7,104405.7,104345.7,104393.5,33.371,3483662.0148
0,2025-01-18 10:17:00,104377.4,104405.8,104369.1,104405.7,17.823,1860601.4827
0,2025-01-18 10:18:00,104405.8,104419.2,104405.0,104419.2,34.252,3576159.9556
0,2025-01-18 10:19:00,104419.5,104420.1,104389.8,104389.9,14.693,1534008.1889
0,2025-01-18 10:20:00,104389.9,104407.8,104358.3,104378.0,32.844,3428530.2946
0,2025-01-18 10:21:00,104378.0,104378.1,104378.0,104378.1,0.147,15343.5708
0,2025-01-18 10:22:00,104402.5,104420.1,104382.1,104382.1,42.426,4429606.9688
0,2025-01-18 10:23:00,104382.1,104382.2,104345.0,104369.7,23.009,2401199.0503
0,2025-01-18 10:24:00,104369.7,104394.2,104345.8,104394.1,36.038,3760950.8215
0,2025-01-18 10:25:00,104394.2,104396.8,104368.8,104385.8,19.436,2028778.343
0,2025-01-18 10:26:00,104385.9,104385.9,104385.8,104385.8,0.451,47077.9974
0,2025-01-18 10:27:00,104371.6,104380.6,104357.0,104357.0,13.792,1439442.252
0,2025-01-18 10:28:00,104357.1,104357.1,104350.6,104350.6,10.045,1048206.7434
0,2025-01-18 10:29:00,104350.7,104350.7,104337.2,104337.2,53.464,5578646.4878
0,2025-01-18 10:30:00,104337.2,104350.7,104307.0,104316.0,58.749,6129400.5232
0,2025-01-18 10:31:00,104315.9,104327.9,104315.9,104327.8,12.315,1284724.6887
0,2025-01-18 10:32:00,104353.2,104353.3,104329.1,104329.1,19.493,2033874.2681
0,2025-01-18 10:33:00,104329.1,104359.8,104329.1,104339.0,19.413,2025673.1672
0,2025-01-18 10:34:00,104338.9,104342.9,104329.2,104330.2,12.128,1265361.4971
0,2025-01-18 10:35:00,104330.2,104378.4,104330.2,104378.3,17.68,1845030.777
0,2025-01-18 10:36:00,104378.4,104391.9,104378.4,104391.9,6.334,661189.5529
0,2025-01-18 10:37:00,104438.3,104438.3,104395.5,104395.6,32.87,3431745.8345
0,2025-01-18 10:38:00,104395.5,104412.0,104395.5,104396.3,14.986,1564583.6897
0,2025-01-18 10:39:00,104396.3,104396.3,104324.8,104330.1,27.788,2899655.5329
0,2025-01-18 10:40:00,104330.0,104364.3,104330.0,104349.5,23.391,2440765.2119
0,2025-01-18 10:41:00,104349.5,104349.5,104349.4,104349.4,2.965,309396.0986
0,2025-01-18 10:42:00,104348.1,104349.6,104340.8,104349.6,5.164,538835.7204
0,2025-01-18 10:43:00,104349.7,104363.2,104344.1,104353.5,29.553,3083957.8855
0,2025-01-18 10:44:00,104353.5,104367.0,104340.8,104366.9,19.277,2011659.6181
0,2025-01-18 10:45:00,104367.0,104418.5,104367.0,104409.9,48.646,5078597.5566
0,2025-01-18 10:46:00,104409.9,104409.9,104387.6,104390.8,6.787,708530.9482
0,2025-01-18 10:47:00,104394.5,104403.1,104385.3,104391.9,11.896,1241867.1969
0,2025-01-18 10:48:00,104392.0,104396.4,104340.3,104344.9,36.129,3770736.1621
0,2025-01-18 10:49:00,104344.9,104357.8,104344.9,104357.6,15.39,1605981.5617
0,2025-01-18 10:50:00,104357.6,104385.9,104357.6,104360.4,16.235,1694477.5844
0,2025-01-18 10:51:00,104360.4,104439.0,104357.8,104439.0,36.775,3839607.8208
0,2025-01-18 10:52:00,104456.2,104456.2,104439.0,104440.0,37.797,3947904.6817
0,2025-01-18 10:53:00,104440.0,104440.1,104357.8,104357.8,46.052,4808262.9426
0,2025-01-18 10:54:00,104357.8,104357.9,104286.9,104286.9,79.62,8306698.8974
0,2025-01-18 10:55:00,104286.9,104294.5,104250.0,104250.0,62.546,6521904.1611
0,2025-01-18 10:56:00,104250.0,104250.1,104205.7,104218.7,36.478,3801807.0578
0,2025-01-18 10:57:00,104218.7,104240.1,104214.9,104240.1,29.767,3102463.4299
0,2025-01-18 10:58:00,104240.1,104246.2,104230.9,104246.1,32.933,3432923.1084
0,2025-01-18 10:59:00,104246.1,104289.8,104231.6,104289.8,36.139,3767566.3824
0,2025-01-18 11:00:00,104289.8,104310.0,104265.8,104309.9,57.165,5961823.605
0,2025-01-18 11:01:00,104310.0,104335.9,104302.2,104317.4,56.065,5848828.1791
0,2025-01-18 11:02:00,104317.5,104364.4,104317.4,104338.9,50.673,5287451.0481
0,2025-01-18 11:03:00,104338.6,104345.4,104295.9,104296.0,22.591,2356721.237
0,2025-01-18 11:04:00,104296.0,104338.1,104281.5,104338.1,59.107,6165585.6961
0,2025-01-18 11:05:00,104338.0,104340.3,104269.0,104270.9,44.399,4630483.375
0,2025-01-18 11:06:00,104270.9,104270.9,104250.0,104267.9,26.123,2723607.3716
0,2025-01-18 11:08:00,104384.6,104411.3,104337.3,104360.2,43.77,4568789.5846
0,2025-01-18 11:09:00,104360.2,104420.0,104344.1,104419.6,106.261,11091845.9433
0,2025-01-18 11:10:00,104419.5,104431.8,104385.0,104410.5,60.643,6331451.6394
0,2025-01-18 11:11:00,104410.6,104410.6,104387.9,104399.9,15.604,1629019.7652
0,2025-01-18 11:12:00,104400.0,104400.0,104399.9,104399.9,0.196,20462.3899
0,2025-01-18 11:13:00,104420.1,104420.2,104357.9,104365.1,43.866,4579168.9881
0,2025-01-18 11:14:00,104365.0,104375.5,104358.1,104364.8,11.418,1191624.2693
0,2025-01-18 11:15:00,104364.7,104373.5,104350.1,104365.1,12.864,1342532.1105
0,2025-01-18 11:16:00,104365.0,104365.1,104324.4,104348.2,33.183,3462260.2534
0,2025-01-18 11:17:00,104348.3,104358.5,104348.2,104350.0,4.835,504548.0296
0,2025-01-18 11:18:00,104346.7,104346.8,104284.0,104284.1,16.619,1733587.7575
0,2025-01-18 11:19:00,104284.1,104284.1,104213.6,104213.6,59.825,6235569.6131
0,2025-01-18 11:20:00,104213.6,104222.9,104180.2,104185.4,68.136,7099850.0906
0,2025-01-18 11:21:00,104185.4,104185.5,104104.3,104125.1,196.017,20413242.8865
0,2025-01-18 11:22:00,104125.1,104125.1,104100.0,104100.0,22.996,2394093.8302
0,2025-01-18 11:23:00,104146.1,104175.4,104117.6,104175.4,54.152,5639286.5
0,2025-01-18 11:24:00,104175.4,104193.4,104159.1,104170.8,47.626,4961364.4996
0,2025-01-18 11:25:00,104170.7,104185.0,104157.8,104171.2,44.405,4625703.9909
0,2025-01-18 11:26:00,104171.2,104193.6,104075.0,104094.0,232.466,24205313.7422
0,2025-01-18 11:27:00,104094.0,104096.6,104031.9,104046.0,145.695,15160849.3839
0,2025-01-18 11:28:00,104071.2,104162.4,104071.2,104138.3,207.045,21556068.0286
0,2025-01-18 11:29:00,104138.3,104177.4,104138.2,104146.1,110.089,11466108.7614
0,2025-01-18 11:30:00,104146.0,104162.3,104126.8,104162.2,41.143,4284738.8751
0,2025-01-18 11:31:00,104162.3,104170.9,104107.8,104148.1,117.879,12275511.9287
0,2025-01-18 11:32:00,104148.1,104150.6,104117.9,104125.8,30.778,3205116.2262
0,2025-01-18 11:33:00,104171.8,104192.9,104161.3,104182.1,53.672,5591502.4016
0,2025-01-18 11:34:00,104182.2,104195.2,104145.1,104159.5,55.752,5808028.617
0,2025-01-18 11:35:00,104159.5,104159.5,104109.6,104109.7,54.318,5656098.02
0,2025-01-18 11:36:00,104109.6,104109.7,104000.7,104024.5,201.974,21010932.0754
0,2025-01-18 11:37:00,104024.6,104024.6,103713.5,103740.1,923.626,95927220.1943
0,2025-01-18 11:38:00,103685.1,103744.2,103655.0,103665.9,548.261,56852162.7186
0,2025-01-18 11:39:00,103665.9,103801.1,103665.9,103745.5,276.711,28711918.7979
0,2025-01-18 11:40:00,103745.5,103745.5,103565.0,103579.2,457.308,47393587.3418
0,2025-01-18 11:41:00,103579.1,103606.5,103272.7,103280.0,1229.21,127121166.2719
0,2025-01-18 11:42:00,103280.0,103367.4,103209.9,103333.5,411.375,42498646.9745
0,2025-01-18 11:43:00,103300.1,103300.1,103029.6,103040.8,869.544,89707441.2241
0,2025-01-18 11:44:00,103040.9,103266.2,103001.1,103266.2,561.129,57845992.9509
0,2025-01-18 11:45:00,103266.2,103491.2,103178.4,103454.7,492.71,50924986.9835
0,2025-01-18 11:46:00,103454.7,103547.2,103426.1,103527.0,436.153,45139641.311
0,2025-01-18 11:47:00,103527.0,103626.3,103495.3,103588.3,360.73,37365180.0777
0,2025-01-18 11:48:00,103596.9,103655.0,103500.0,103518.7,435.222,45076512.733
0,2025-01-18 11:49:00,103518.7,103543.5,103510.5,103543.5,84.09,8706097.201
0,2025-01-18 11:50:00,103543.4,103543.5,103450.0,103490.8,140.278,14516704.1775
0,2025-01-18 11:51:00,103490.8,103499.9,103433.6,103493.8,184.178,19057441.3396
0,2025-01-18 11:52:00,103493.9,103500.0,103334.5,103370.7,228.725,23649596.0604
0,2025-01-18 11:53:00,103342.2,103469.7,103331.5,103433.5,162.096,16761136.1019
0,2025-01-18 11:54:00,103433.5,103636.3,103417.0,103587.7,668.423,69225245.1452
0,2025-01-18 11:55:00,103587.8,103626.7,103556.2,103593.7,165.077,17101910.2087
0,2025-01-18 11:56:00,103593.7,103593.7,103509.6,103540.3,161.746,16748246.7321
0,2025-01-18 11:57:00,103540.3,103567.4,103540.3,103558.5,76.167,7887715.3052
0,2025-01-18 11:59:00,103562.0,103562.1,103531.1,103531.1,58.121,6018128.651
0,2025-01-18 12:00:00,103531.2,103531.2,103421.2,103485.7,216.016,22350748.3592
0,2025-01-18 12:01:00,103485.7,103576.5,103467.8,103575.6,128.101,13263725.633
0,2025-01-18 12:02:00,103575.6,103612.2,103555.8,103573.6,159.294,16500809.1676
0,2025-01-18 12:03:00,103573.7,103573.7,103568.6,103568.7,6.91,715672.891
0,2025-01-18 12:04:00,103545.6,103623.6,103504.5,103622.3,111.559,11556028.3231
0,2025-01-18 12:05:00,103622.3,103637.8,103575.0,103629.8,149.931,15535066.3098
0,2025-01-18 12:06:00,103629.9,103635.3,103603.2,103635.3,61.496,6371891.7485
0,2025-01-18 12:07:00,103635.3,103635.3,103588.0,103630.2,79.67,8254931.1197
0,2025-01-18 12:08:00,103630.2,103644.9,103616.9,103644.8,27.121,2810603.7239
0,2025-01-18 12:09:00,103646.3,103646.3,103583.5,103619.0,75.767,7850653.5015
0,2025-01-18 12:10:00,103619.0,103629.5,103596.0,103617.8,53.66,5559970.9252
0,2025-01-18 12:11:00,103617.8,103631.2,103559.2,103559.3,47.385,4908544.6083
0,2025-01-18 12:12:00,103559.2,103600.0,103555.0,103599.9,50.116,5190670.8608
0,2025-01-18 12:13:00,103600.0,103600.0,103552.4,103552.4,32.677,3384320.8053
0,2025-01-18 12:14:00,103580.9,103595.4,103441.1,103462.2,129.779,13435600.075
0,2025-01-18 12:15:00,103462.2,103462.2,103318.1,103340.4,346.133,35776960.4381
0,2025-01-18 12:16:00,103340.4,103400.2,103225.7,103233.4,605.713,62592613.8162
0,2025-01-18 12:17:00,103233.4,103252.2,103176.0,103176.0,242.323,25011750.2674
0,2025-01-18 12:18:00,103175.9,103193.1,103162.0,103162.0,102.771,10603375.3868
0,2025-01-18 12:19:00,103104.4,103109.5,102880.0,103005.9,942.879,97086504.2686
0,2025-01-18 12:20:00,103005.9,103032.0,102902.1,103025.8,220.913,22749848.7417
0,2025-01-18 12:21:00,103025.8,103178.4,103025.7,103178.4,270.265,27870769.8233
0,2025-01-18 12:22:00,103178.4,103225.0,102950.6,102950.6,621.093,64018943.3275
0,2025-01-18 12:23:00,102950.7,102962.0,102890.3,102900.1,146.871,15117102.9783
0,2025-01-18 12:24:00,102897.2,102897.2,102731.0,102792.6,663.774,68231087.788
0,2025-01-18 12:25:00,102792.7,102800.0,102620.1,102645.8,542.3,55689929.2768
0,2025-01-18 12:26:00,102645.8,102807.1,102630.0,102760.6,684.862,70361205.1156
0,2025-01-18 12:27:00,102760.6,102869.8,102755.0,102856.4,200.713,20637361.918
0,2025-01-18 12:28:00,102856.3,103005.9,102840.1,102991.1,337.932,34782329.4031
0,2025-01-18 12:29:00,102977.2,102995.3,102904.4,102977.3,116.906,12034672.9357
0,2025-01-18 12:30:00,102977.2,103060.0,102968.1,103051.8,234.608,24170995.5549
0,2025-01-18 12:31:00,103051.8,103135.9,103000.1,103135.9,275.027,28346436.0456
0,2025-01-18 12:32:00,103136.0,103380.1,103135.9,103312.9,702.543,72531200.3584
0,2025-01-18 12:33:00,103312.9,103312.9,103225.4,103292.1,140.234,14481464.3753
