,date,open,high,low,close,volume,quote_volume
0,2024-12-29 19:20:00,95094.0,95094.1,95085.9,95085.9,7.688,731056.3718
1,2024-12-29 19:21:00,95086.0,95086.0,95085.9,95086.0,0.887,84341.2123
2,2024-12-29 19:22:00,95086.0,95086.0,95085.9,95085.9,1.019,96892.5652
3,2024-12-29 19:23:00,95120.8,95120.9,95100.0,95100.0,5.047,480052.0455
4,2024-12-29 19:24:00,95058.5,95058.6,95058.5,95058.6,2.387,226904.7297
5,2024-12-29 19:25:00,95067.6,95067.6,95036.4,95036.4,19.805,1882448.6604
6,2024-12-29 19:26:00,95025.1,95061.5,95025.0,95057.2,21.889,2080450.4878
7,2024-12-29 19:27:00,95081.0,95082.0,95062.2,95062.2,7.344,698229.1893
8,2024-12-29 19:28:00,95059.1,95059.2,95059.1,95059.1,7.676,729674.3525
9,2024-12-29 19:29:00,95072.6,95085.4,95072.6,95085.4,5.409,514255.4925
10,2024-12-29 19:30:00,95088.0,95132.6,95087.9,95110.7,83.588,7950342.0917
11,2024-12-29 19:31:00,95114.6,95114.6,95093.0,95093.1,9.437,897494.534
12,2024-12-29 19:32:00,95102.0,95120.0,95101.9,95120.0,8.93,849361.1173
13,2024-12-29 19:33:00,95120.0,95137.9,95119.9,95137.8,12.777,1215431.8643
14,2024-12-29 19:35:00,95129.6,95136.9,95129.6,95136.9,0.613,58315.0398
15,2024-12-29 19:36:00,95129.4,95129.4,95129.4,95129.4,0.642,61073.0748
16,2024-12-29 19:37:00,95129.5,95129.5,95129.4,95129.4,0.012,1141.5536
17,2024-12-29 19:38:00,95137.9,95137.9,95137.8,95137.9,1.627,154789.3263
18,2024-12-29 19:39:00,95137.9,95137.9,95137.8,95137.9,0.385,36628.0892
19,2024-12-29 19:40:00,95149.0,95149.0,95133.4,95133.4,10.183,968811.9291
20,2024-12-29 19:41:00,95114.5,95119.9,95114.5,95119.9,7.93,754266.1017
21,2024-12-29 19:42:00,95092.2,95092.2,95092.1,95092.2,1.117,106217.9786
22,2024-12-29 19:43:00,95096.3,95096.3,95096.2,95096.2,0.744,70751.5969
23,2024-12-29 19:44:00,95090.6,95090.6,95090.5,95090.6,1.11,105550.5372
24,2024-12-29 19:45:00,95085.9,95088.1,95085.8,95088.1,2.587,245991.4004
25,2024-12-29 19:46:00,95090.5,95090.6,95090.5,95090.6,3.763,357825.8758
26,2024-12-29 19:47:00,95099.9,95100.0,95099.9,95099.9,2.323,220917.1902
27,2024-12-29 19:48:00,95090.6,95094.5,95088.5,95088.6,5.945,565314.0919
28,2024-12-29 19:49:00,95088.6,95094.5,95088.5,95094.5,6.784,645084.9456
29,2024-12-29 19:50:00,95087.2,95087.2,95080.0,95080.1,11.231,1067881.5756
30,2024-12-29 19:51:00,95066.6,95070.9,95066.6,95070.8,6.024,572698.0207
31,2024-12-29 19:52:00,95070.8,95070.9,95052.1,95052.1,15.993,1520356.3797
32,2024-12-29 19:53:00,95050.1,95050.2,95035.0,95035.0,21.155,2010605.6184
33,2024-12-29 19:54:00,95027.7,95030.0,95027.7,95027.9,35.519,3375367.708
34,2024-12-29 19:55:00,95027.9,95027.9,95021.3,95021.3,24.019,2282400.5548
35,2024-12-29 19:56:00,95000.0,95000.1,95000.0,95000.0,10.154,964630.3358
36,2024-12-29 19:57:00,95000.0,95010.0,94995.1,94999.7,49.909,4741415.0848
37,2024-12-29 19:58:00,94992.4,94992.5,94968.4,94968.5,27.963,2655966.1549
38,2024-12-29 19:59:00,94968.4,95006.4,94968.4,94995.6,37.427,3555359.8602
39,2024-12-29 20:00:00,94986.2,94997.4,94971.9,94971.9,40.685,3864384.7279
40,2024-12-29 20:01:00,94972.0,94972.0,94952.5,94965.5,74.376,7063251.2175
41,2024-12-29 20:02:00,94954.8,94979.5,94954.7,94975.4,35.006,3324458.8977
42,2024-12-29 20:03:00,94975.5,94975.5,94958.2,94958.3,29.761,2826406.7943
43,2024-12-29 20:04:00,94958.2,95006.1,94958.2,95006.1,46.801,4444641.9545
44,2024-12-29 20:05:00,95010.0,95088.5,95009.9,95088.4,79.298,7536865.3611
45,2024-12-29 20:06:00,95079.3,95079.4,95041.8,95041.9,58.376,5549701.4578
46,2024-12-29 20:08:00,95059.0,95059.1,95059.0,95059.1,0.011,1045.6499
47,2024-12-29 20:09:00,95075.4,95075.4,95075.4,95075.4,0.004,380.3016
48,2024-12-29 20:10:00,95086.3,95086.4,95086.3,95086.4,0.033,3137.8511
49,2024-12-29 20:11:00,95041.1,95044.3,95041.0,95044.3,3.415,324567.2343
50,2024-12-29 20:12:00,95062.9,95062.9,95062.8,95062.9,0.124,11787.7991
51,2024-12-29 20:13:00,95073.8,95073.8,95073.7,95073.8,0.338,32134.9269
52,2024-12-29 20:14:00,95097.0,95097.1,95097.0,95097.1,0.948,90152.0269
53,2024-12-29 20:15:00,95081.0,95089.4,95080.9,95089.3,2.691,255867.8466
54,2024-12-29 20:16:00,95095.0,95095.0,95094.9,95094.9,0.6,57056.9759
55,2024-12-29 20:17:00,95090.4,95105.3,95090.4,95105.3,9.376,891629.4362
56,2024-12-29 20:18:00,95105.3,95105.3,95096.3,95096.4,19.258,1831514.6055
57,2024-12-29 20:19:00,95096.4,95096.4,95096.3,95096.4,2.351,223571.4647
58,2024-12-29 20:20:00,95096.4,95096.4,95096.3,95096.4,1.325,126002.6416
59,2024-12-29 20:21:00,95096.4,95104.9,95096.3,95101.3,11.047,1050594.4742
60,2024-12-29 20:22:00,95105.2,95105.3,95033.0,95047.8,50.021,4755769.3596
61,2024-12-29 20:23:00,95034.8,95047.7,95034.7,95047.7,6.241,593151.6769
62,2024-12-29 20:24:00,95041.2,95047.7,95041.2,95047.6,9.129,867638.5323
63,2024-12-29 20:25:00,95026.0,95026.1,95011.3,95011.4,14.077,1337575.0239
64,2024-12-29 20:26:00,95005.0,95032.5,95001.5,95023.6,28.922,2747994.9661
65,2024-12-29 20:27:00,95025.0,95025.0,95023.5,95023.6,2.755,261790.3214
66,2024-12-29 20:28:00,94976.7,94976.7,94964.0,94964.0,29.288,2781521.2972
67,2024-12-29 20:29:00,94956.1,94956.2,94956.1,94956.2,27.383,2600184.0004
68,2024-12-29 20:30:00,94956.2,94956.2,94880.1,94892.2,235.702,22370044.3637
69,2024-12-29 20:31:00,94880.0,94926.1,94880.0,94896.0,67.183,6375569.0181
70,2024-12-29 20:32:00,94903.7,94903.7,94870.9,94900.9,76.672,7274832.6933
71,2024-12-29 20:33:00,94932.5,94932.5,94878.3,94878.3,33.189,3150001.8089
72,2024-12-29 20:34:00,94895.9,94895.9,94880.0,94880.0,33.705,3198110.0859
73,2024-12-29 20:35:00,94879.4,94903.2,94879.3,94903.1,50.573,4798756.4913
74,2024-12-29 20:36:00,94916.4,94919.6,94876.0,94876.1,39.779,3774798.1265
75,2024-12-29 20:37:00,94866.6,94941.9,94865.0,94941.9,129.774,12315727.4475
76,2024-12-29 20:38:00,94934.3,94983.8,94934.3,94959.2,125.256,11894560.0201
77,2024-12-29 20:40:00,94934.0,94934.0,94934.0,94934.0,0.007,664.538
78,2024-12-29 20:41:00,94935.8,94935.8,94935.7,94935.7,0.529,50221.036
79,2024-12-29 20:42:00,94975.6,94975.7,94975.6,94975.6,0.609,57840.1843
80,2024-12-29 20:43:00,94929.9,94941.8,94919.1,94919.2,10.609,1007114.3474
81,2024-12-29 20:44:00,94895.6,94895.6,94887.7,94887.7,2.281,216452.6892
82,2024-12-29 20:45:00,94915.7,94915.8,94901.7,94901.7,5.866,556740.1261
83,2024-12-29 20:46:00,94899.5,94899.6,94885.0,94892.1,15.798,1499082.8219
84,2024-12-29 20:47:00,94951.8,94951.8,94942.5,94942.6,5.217,495344.5248
85,2024-12-29 20:48:00,94873.9,94884.3,94873.9,94874.4,8.513,807679.5723
86,2024-12-29 20:49:00,94940.9,94941.5,94933.2,94933.3,6.021,571630.6368
87,2024-12-29 20:50:00,94945.8,94951.8,94945.7,94951.8,9.976,947226.737
88,2024-12-29 20:51:00,94951.7,94951.8,94951.7,94951.7,3.609,342680.8312
89,2024-12-29 20:52:00,94951.8,94962.3,94951.7,94962.3,9.898,939871.1371
90,2024-12-29 20:53:00,94915.6,94920.1,94893.5,94893.6,15.732,1493106.888
91,2024-12-29 20:54:00,94895.3,94895.3,94893.0,94893.0,9.445,896269.696
92,2024-12-29 20:55:00,94893.0,94893.0,94870.0,94870.1,15.978,1516011.411
93,2024-12-29 20:56:00,94859.9,94920.9,94859.9,94920.9,31.755,3013372.5952
94,2024-12-29 20:57:00,94900.1,94906.4,94880.0,94886.4,26.088,2475442.5898
95,2024-12-29 20:58:00,94895.5,94917.2,94892.4,94896.0,38.047,3610772.3654
96,2024-12-29 20:59:00,94874.6,94874.6,94852.0,94864.6,40.931,3882720.5742
97,2024-12-29 21:00:00,94860.7,94880.0,94856.1,94858.8,47.564,4512341.7377
98,2024-12-29 21:01:00,94858.7,94888.0,94858.0,94858.0,30.061,2851998.4327
99,2024-12-29 21:02:00,94846.3,94860.0,94840.5,94843.1,64.423,6110440.0006
100,2024-12-29 21:03:00,94843.0,94843.1,94800.0,94800.0,95.038,9012020.0039
101,2024-12-29 21:04:00,94882.5,94967.2,94873.6,94959.3,116.708,11077914.2139
102,2024-12-29 21:05:00,94959.2,94968.0,94926.8,94967.9,61.653,5853762.0342
103,2024-12-29 21:06:00,94967.8,94978.8,94952.8,94963.5,53.324,5063866.2263
104,2024-12-29 21:08:00,94938.1,94938.1,94938.0,94938.0,0.018,1708.8846
105,2024-12-29 21:09:00,94951.9,94952.0,94937.7,94937.7,0.975,92573.1865
106,2024-12-29 21:10:00,94914.9,94914.9,94907.2,94907.3,1.186,112567.4838
107,2024-12-29 21:11:00,94947.5,94949.9,94938.6,94949.9,5.634,534894.7623
108,2024-12-29 21:12:00,94923.6,94938.6,94923.6,94938.5,1.264,119990.2578
109,2024-12-29 21:13:00,94924.4,94924.4,94900.6,94900.6,8.656,821608.0388
110,2024-12-29 21:14:00,94943.2,94943.3,94940.3,94940.3,0.451,42818.6996
111,2024-12-29 21:15:00,94947.0,94947.0,94942.3,94943.2,7.812,741713.2724
112,2024-12-29 21:16:00,94949.9,94950.0,94949.9,94949.9,2.624,249148.7588
113,2024-12-29 21:17:00,94936.4,94949.1,94935.9,94935.9,4.41,418701.3675
114,2024-12-29 21:18:00,94947.4,94947.4,94947.3,94947.3,3.575,339436.8206
115,2024-12-29 21:19:00,94956.1,94975.7,94956.0,94975.7,13.386,1271225.4501
116,2024-12-29 21:20:00,94975.7,94975.7,94947.3,94947.3,9.885,938722.9661
117,2024-12-29 21:21:00,94938.6,94938.6,94911.2,94911.3,10.233,971331.9729
118,2024-12-29 21:22:00,94943.6,94958.5,94943.6,94958.5,18.629,1768907.3326
119,2024-12-29 21:23:00,94972.5,94972.5,94963.1,94968.2,5.465,519002.262
120,2024-12-29 21:24:00,94968.2,94968.3,94950.0,94963.3,16.928,1607439.469
121,2024-12-29 21:25:00,94955.4,94955.4,94933.9,94933.9,15.526,1474118.9771
122,2024-12-29 21:26:00,94900.0,94900.1,94881.7,94887.9,16.03,1521114.1061
123,2024-12-29 21:27:00,94933.5,94933.6,94917.8,94917.8,3.318,314977.7371
124,2024-12-29 21:28:00,94920.0,94920.0,94885.2,94885.2,7.412,703359.5813
125,2024-12-29 21:29:00,94859.3,94888.8,94847.6,94854.8,182.866,17348096.1203
126,2024-12-29 21:30:00,94827.6,94867.2,94827.5,94850.0,24.888,2360528.5759
127,2024-12-29 21:31:00,94842.7,94850.1,94820.0,94820.0,22.918,2173429.0603
128,2024-12-29 21:32:00,94809.0,94809.1,94765.8,94767.2,116.079,11002848.1903
129,2024-12-29 21:33:00,94819.4,94851.7,94819.3,94843.6,29.165,2765942.7559
130,2024-12-29 21:34:00,94810.0,94843.6,94809.9,94831.7,46.305,4390964.6364
131,2024-12-29 21:35:00,94870.8,94889.2,94856.1,94871.0,60.38,5728634.6823
132,2024-12-29 21:36:00,94871.1,94906.8,94865.5,94870.1,73.428,6967702.5799
133,2024-12-29 21:37:00,94870.1,94902.4,94870.0,94902.4,36.64,3476712.8736
134,2024-12-29 21:38:00,94901.9,94917.7,94883.3,94883.3,36.663,3479411.8165
135,2024-12-29 21:40:00,94909.0,94909.0,94909.0,94909.0,0.191,18127.619
136,2024-12-29 21:41:00,94862.6,94862.7,94862.6,94862.7,0.206,19541.6978
137,2024-12-29 21:42:00,94820.2,94821.0,94808.8,94821.0,10.312,977733.1962
138,2024-12-29 21:43:00,94834.5,94834.5,94834.5,94834.5,0.425,40304.6625
139,2024-12-29 21:44:00,94863.6,94863.6,94844.5,94853.1,9.071,860456.6262
140,2024-12-29 21:45:00,94849.4,94850.3,94849.4,94850.2,1.636,155174.7274
141,2024-12-29 21:46:00,94849.0,94849.0,94848.9,94848.9,0.403,38224.132
142,2024-12-29 21:47:00,94897.7,94902.6,94897.7,94902.6,7.97,756349.2043
143,2024-12-29 21:48:00,94919.3,94919.3,94892.7,94894.0,15.859,1505075.3436
144,2024-12-29 21:49:00,94905.3,94905.3,94883.0,94895.8,2.798,265514.3881
145,2024-12-29 21:50:00,94892.6,94892.6,94875.6,94875.6,14.858,1409876.9628
146,2024-12-29 21:51:00,94867.8,94870.8,94861.8,94870.8,8.171,775153.7026
147,2024-12-29 21:52:00,94895.5,94900.0,94878.2,94900.0,4.773,452930.9127
148,2024-12-29 21:53:00,94892.0,94892.0,94891.9,94891.9,2.527,239791.9875
149,2024-12-29 21:54:00,94896.2,94905.3,94896.2,94896.9,5.356,508274.5035
150,2024-12-29 21:55:00,94902.5,94920.0,94902.5,94910.2,9.698,920459.5696
151,2024-12-29 21:56:00,94903.4,94903.4,94890.0,94890.0,12.979,1231662.9775
152,2024-12-29 21:57:00,94890.0,94890.1,94870.0,94870.0,8.68,823633.5257
153,2024-12-29 21:58:00,94862.6,94878.9,94857.1,94873.5,9.914,940519.6697
154,2024-12-29 21:59:00,94887.6,94891.2,94880.0,94880.1,10.697,1015034.246
155,2024-12-29 22:00:00,94890.0,94898.2,94872.1,94883.8,23.71,2249687.803
156,2024-12-29 22:01:00,94884.5,94993.6,94884.5,94993.6,145.859,13850453.9582
157,2024-12-29 22:02:00,95024.0,95118.8,95015.0,95102.3,249.05,23679113.3064
158,2024-12-29 22:03:00,95110.9,95110.9,95059.3,95085.2,103.912,9881061.1079
159,2024-12-29 22:04:00,95127.7,95182.6,95110.0,95148.2,271.02,25787028.5243
160,2024-12-29 22:05:00,95150.1,95180.0,95104.3,95176.2,112.201,10675563.082
161,2024-12-29 22:06:00,95179.9,95195.0,95178.0,95178.0,102.465,9753143.5139
162,2024-12-29 22:07:00,95178.1,95180.1,95084.0,95085.7,108.725,10342673.7425
163,2024-12-29 22:09:00,95038.3,95038.3,95038.2,95038.3,0.308,29271.7942
164,2024-12-29 22:10:00,95018.1,95034.8,95018.0,95034.8,16.332,1551910.1893
165,2024-12-29 22:11:00,95071.8,95071.8,95052.2,95052.2,15.512,1474720.5965
166,2024-12-29 22:12:00,95016.9,95016.9,94992.0,94992.0,13.209,1254965.9069
167,2024-12-29 22:13:00,94963.1,94985.6,94963.1,94985.5,5.708,542097.9457
168,2024-12-29 22:14:00,94976.6,94976.6,94966.5,94966.7,8.468,804214.9804
169,2024-12-29 22:15:00,94933.5,94933.5,94922.6,94922.6,4.935,468474.0904
170,2024-12-29 22:16:00,94834.3,94846.3,94807.3,94808.4,48.12,4563206.0553
171,2024-12-29 22:17:00,94680.1,94724.2,94623.3,94724.2,171.404,16228487.9216
172,2024-12-29 22:18:00,94704.4,94704.4,94604.9,94624.3,152.795,14461951.7985
173,2024-12-29 22:19:00,94633.5,94655.7,94622.2,94653.9,47.748,4518870.3549
174,2024-12-29 22:20:00,94675.9,94686.0,94613.3,94675.6,93.774,8875127.7291
175,2024-12-29 22:21:00,94654.1,94715.4,94625.4,94628.0,69.623,6591824.8104
176,2024-12-29 22:22:00,94605.3,94682.6,94603.3,94682.5,44.532,4214151.5442
177,2024-12-29 22:23:00,94659.8,94691.4,94643.2,94656.2,49.225,4659723.973
178,2024-12-29 22:24:00,94671.8,94671.8,94508.5,94574.1,399.27,37756564.6638
179,2024-12-29 22:25:00,94550.0,94585.1,94506.0,94585.0,172.385,16296430.9583
180,2024-12-29 22:26:00,94557.2,94557.3,94474.3,94528.7,319.102,30157008.9326
181,2024-12-29 22:27:00,94543.1,94587.9,94500.0,94531.4,133.919,12661906.4719
182,2024-12-29 22:28:00,94556.9,94621.5,94545.7,94615.5,94.226,8912584.2436
183,2024-12-29 22:29:00,94615.4,94624.0,94574.4,94622.0,89.024,8421903.6325
184,2024-12-29 22:31:00,94308.1,94308.1,94308.0,94308.0,0.534,50360.4724
185,2024-12-29 22:32:00,94196.9,94217.7,94196.9,94217.7,14.573,1372957.0416
186,2024-12-29 22:33:00,94060.3,94084.1,93925.4,93977.5,680.815,63997788.4152
187,2024-12-29 22:34:00,94102.1,94139.3,94092.9,94098.1,41.134,3871672.4291
188,2024-12-29 22:35:00,94200.0,94200.0,94135.0,94135.0,93.488,8804173.2625
189,2024-12-29 22:36:00,94211.7,94212.2,94180.8,94212.2,18.135,1708242.1387
190,2024-12-29 22:37:00,94169.9,94197.9,94157.1,94184.6,27.913,2628870.2203
191,2024-12-29 22:38:00,94168.1,94191.5,94168.0,94190.8,28.49,2683255.7629
192,2024-12-29 22:39:00,94195.9,94195.9,94156.8,94178.2,46.326,4362596.0941
193,2024-12-29 22:40:00,94189.9,94210.3,94112.5,94112.6,74.309,6996544.5274
194,2024-12-29 22:41:00,94149.5,94149.5,94133.8,94133.8,45.089,4244688.4383
195,2024-12-29 22:42:00,94147.0,94183.1,94143.6,94183.1,33.898,3191760.1137
196,2024-12-29 22:43:00,94172.8,94187.0,94162.2,94162.2,36.109,3400447.825
197,2024-12-29 22:44:00,94144.6,94220.7,94144.6,94220.7,33.139,3121099.4256
198,2024-12-29 22:45:00,94206.5,94210.0,94156.2,94156.3,65.353,6155718.8387
199,2024-12-29 22:46:00,94188.0,94252.2,94187.9,94247.4,76.554,7213702.5101
200,2024-12-29 22:47:00,94295.9,94344.4,94262.1,94262.1,166.783,15728791.7159
201,2024-12-29 22:48:00,94260.1,94362.0,94260.1,94357.7,75.321,7104541.2091
202,2024-12-29 22:49:00,94307.3,94313.1,94274.5,94286.7,61.037,5755451.1855
203,2024-12-29 22:50:00,94299.9,94341.6,94292.9,94320.0,70.052,6606945.1374
204,2024-12-29 22:51:00,94362.0,94444.0,94361.9,94444.0,190.663,18000782.9073
205,2024-12-29 22:52:00,94543.7,94696.1,94537.4,94689.4,469.481,44424438.6981
206,2024-12-29 22:53:00,94679.8,94780.4,94630.6,94630.6,386.224,36582370.3756
207,2024-12-29 22:54:00,94617.6,94687.9,94593.7,94664.0,208.098,19692018.0625
208,2024-12-29 22:55:00,94651.8,94651.8,94566.7,94606.4,178.224,16859976.031
209,2024-12-29 22:56:00,94599.3,94646.0,94567.7,94645.7,95.821,9065223.0597
210,2024-12-29 22:58:00,94627.2,94635.2,94627.2,94635.2,0.257,24320.0626
211,2024-12-29 22:59:00,94572.4,94572.5,94572.4,94572.4,0.622,58824.0446
212,2024-12-29 23:00:00,94568.4,94568.5,94551.4,94558.5,15.467,1462503.2604
213,2024-12-29 23:01:00,94589.5,94596.3,94589.5,94596.0,7.803,738103.1637
214,2024-12-29 23:02:00,94514.1,94514.2,94493.5,94493.5,19.879,1878557.713
215,2024-12-29 23:03:00,94531.1,94560.0,94531.1,94560.0,11.76,1111897.4937
216,2024-12-29 23:04:00,94545.6,94590.1,94535.8,94568.8,21.037,1989407.5484
217,2024-12-29 23:05:00,94458.0,94484.0,94437.6,94449.6,69.875,6600362.642
218,2024-12-29 23:06:00,94464.9,94531.0,94464.8,94507.7,34.128,3225185.72
219,2024-12-29 23:07:00,94418.7,94418.7,94341.7,94387.9,178.549,16851437.5876
220,2024-12-29 23:08:00,94396.1,94463.6,94374.7,94463.6,50.124,4732464.7453
221,2024-12-29 23:09:00,94420.2,94507.5,94420.2,94439.9,46.956,4435881.3325
222,2024-12-29 23:10:00,94439.7,94497.0,94427.3,94496.9,27.759,2622021.7466
223,2024-12-29 23:11:00,94454.9,94500.0,94454.9,94500.0,30.303,2863052.3229
224,2024-12-29 23:12:00,94513.1,94516.9,94466.0,94466.0,43.888,4146701.4137
225,2024-12-29 23:13:00,94457.2,94481.0,94436.8,94450.5,42.027,3969761.7686
226,2024-12-29 23:14:00,94450.3,94450.4,94433.1,94438.6,31.917,3014191.8749
227,2024-12-29 23:15:00,94438.5,94509.9,94420.2,94466.3,51.008,4818204.3174
228,2024-12-29 23:16:00,94466.3,94513.3,94460.2,94508.3,47.765,4512943.7232
229,2024-12-29 23:18:00,94488.6,94493.3,94488.6,94488.7,1.483,140127.3032
230,2024-12-29 23:19:00,94479.9,94507.3,94479.9,94506.7,3.578,338095.4687
231,2024-12-29 23:20:00,94510.1,94510.2,94486.0,94486.0,2.366,223574.3176
232,2024-12-29 23:21:00,94468.9,94469.0,94465.0,94465.1,7.471,705776.9751
233,2024-12-29 23:22:00,94497.9,94526.3,94497.9,94526.3,10.966,1036363.1545
234,2024-12-29 23:23:00,94496.4,94517.2,94487.7,94504.7,8.858,837084.6691
235,2024-12-29 23:24:00,94521.0,94537.0,94520.9,94534.6,10.635,1005317.7049
236,2024-12-29 23:25:00,94575.5,94600.0,94530.0,94530.0,38.491,3640387.4896
237,2024-12-29 23:26:00,94536.0,94554.0,94535.9,94552.9,11.698,1106022.5822
238,2024-12-29 23:27:00,94573.4,94593.0,94555.3,94555.3,11.068,1046793.1072
239,2024-12-29 23:28:00,94574.2,94585.5,94535.8,94535.9,30.405,2875311.258
240,2024-12-29 23:29:00,94578.8,94608.5,94566.9,94608.5,38.113,3605084.7143
241,2024-12-29 23:30:00,94611.5,94641.0,94587.8,94604.8,110.684,10473100.747
242,2024-12-29 23:31:00,94592.4,94667.6,94587.8,94667.5,175.263,16584913.0044
243,2024-12-29 23:32:00,94676.7,94719.1,94660.0,94697.9,167.93,15901709.3973
244,2024-12-29 23:33:00,94699.9,94720.0,94678.4,94719.9,114.506,10844403.984
245,2024-12-29 23:34:00,94708.9,94734.3,94649.3,94663.4,120.844,11443605.0461
246,2024-12-29 23:35:00,94668.2,94689.5,94603.3,94689.5,40.542,3836748.0024
247,2024-12-29 23:37:00,94600.6,94600.7,94600.6,94600.7,0.531,50232.9207
248,2024-12-29 23:38:00,94596.2,94596.3,94596.2,94596.2,1.828,172921.9701
249,2024-12-29 23:39:00,94612.1,94620.5,94606.3,94620.4,1.942,183734.0966
250,2024-12-29 23:40:00,94625.7,94644.4,94625.6,94635.1,11.361,1075161.8253
251,2024-12-29 23:41:00,94612.6,94612.7,94606.4,94606.4,6.141,580999.8112
252,2024-12-29 23:42:00,94621.7,94635.1,94620.0,94635.0,11.116,1051835.5422
253,2024-12-29 23:43:00,94608.2,94633.2,94608.2,94633.1,11.287,1068030.5816
254,2024-12-29 23:44:00,94627.4,94650.0,94627.4,94649.9,6.377,603553.5487
255,2024-12-29 23:45:00,94665.3,94665.7,94665.2,94665.6,14.109,1335635.4593
256,2024-12-29 23:46:00,94587.8,94606.8,94587.8,94594.0,27.12,2565342.5549
257,2024-12-29 23:47:00,94630.3,94630.3,94587.8,94624.2,36.178,3422647.2952
258,2024-12-29 23:48:00,94600.0,94638.8,94600.0,94638.8,9.609,909230.2025
259,2024-12-29 23:49:00,94661.2,94713.8,94661.1,94693.2,47.758,4522139.5167
260,2024-12-29 23:50:00,94709.9,94785.1,94697.8,94729.1,316.364,29969931.6938
261,2024-12-29 23:51:00,94694.8,94731.3,94694.8,94713.1,18.057,1710293.6265
262,2024-12-29 23:52:00,94705.4,94706.2,94652.2,94701.3,102.024,9659312.0526
263,2024-12-29 23:53:00,94707.1,94707.1,94672.9,94701.4,15.593,1476565.3551
264,2024-12-29 23:54:00,94705.3,94705.3,94649.2,94649.2,26.154,2476213.2826
265,2024-12-29 23:55:00,94654.9,94657.0,94629.1,94640.7,31.398,2971625.6961
266,2024-12-29 23:56:00,94635.0,94654.1,94635.0,94644.7,17.725,1677488.8416
267,2024-12-29 23:57:00,94644.7,94679.8,94619.0,94625.4,18.401,1741660.3418
268,2024-12-29 23:58:00,94629.8,94629.9,94515.7,94516.1,168.145,15900681.9934
269,2024-12-29 23:59:00,94515.6,94521.7,94462.0,94468.4,149.715,14146357.4859
270,2024-12-30 00:01:00,94504.9,94504.9,94492.1,94502.7,11.464,1083366.0474
271,2024-12-30 00:02:00,94516.6,94516.7,94507.4,94507.5,4.768,450643.5109
272,2024-12-30 00:03:00,94499.6,94507.4,94499.6,94507.3,2.112,199586.109
273,2024-12-30 00:04:00,94454.9,94454.9,94421.7,94427.1,18.779,1773332.7281
274,2024-12-30 00:05:00,94423.6,94423.6,94376.5,94385.7,134.352,12682315.1506
275,2024-12-30 00:06:00,94350.0,94376.2,94349.9,94376.2,16.382,1545935.3206
276,2024-12-30 00:07:00,94257.4,94300.0,94257.2,94263.8,42.2,3978735.0136
277,2024-12-30 00:08:00,94258.5,94266.8,94258.5,94266.7,10.309,971782.1388
278,2024-12-30 00:09:00,94248.0,94266.7,94233.0,94266.7,38.266,3606284.1085
279,2024-12-30 00:10:00,94266.9,94266.9,94243.2,94258.4,32.132,3028636.3684
280,2024-12-30 00:11:00,94168.4,94204.7,94160.1,94160.1,41.69,3926594.3271
281,2024-12-30 00:12:00,94180.1,94193.1,94180.1,94190.1,31.62,2978261.743
282,2024-12-30 00:13:00,94170.5,94203.3,94151.8,94190.6,65.478,6166575.7141
283,2024-12-30 00:14:00,94197.3,94197.4,94151.1,94173.1,87.878,8275775.7743
284,2024-12-30 00:15:00,94172.5,94210.0,94158.0,94210.0,59.462,5600902.3625
285,2024-12-30 00:16:00,94152.6,94152.6,94100.0,94100.0,301.552,28384420.4731
286,2024-12-30 00:17:00,94070.5,94091.0,93972.6,94027.3,459.712,43223297.4802
287,2024-12-30 00:18:00,93995.1,94091.1,93985.0,94080.5,166.523,15655674.1591
288,2024-12-30 00:19:00,94055.1,94063.1,93977.8,93983.9,212.604,19987380.1358
289,2024-12-30 00:20:00,93972.0,93992.1,93930.7,93977.2,232.079,21806884.4643
290,2024-12-30 00:22:00,93948.5,93948.5,93900.8,93928.8,62.356,5856256.9738
291,2024-12-30 00:23:00,93870.0,93876.7,93869.9,93871.7,31.721,2977720.5579
292,2024-12-30 00:24:00,93850.1,93887.6,93850.0,93887.5,23.353,2192035.9837
293,2024-12-30 00:25:00,93955.6,93969.9,93950.0,93950.1,24.614,2312667.4222
294,2024-12-30 00:26:00,93920.1,93951.5,93920.0,93951.5,14.598,1371237.4555
295,2024-12-30 00:27:00,93990.2,94000.0,93977.2,93996.5,32.07,3014223.4117
296,2024-12-30 00:28:00,93961.1,93984.9,93928.8,93928.8,21.465,2016682.871
297,2024-12-30 00:29:00,93960.9,93960.9,93913.9,93943.6,30.224,2839183.3096
298,2024-12-30 00:30:00,93925.9,93929.5,93888.0,93928.6,35.4,3324355.7631
299,2024-12-30 00:31:00,93999.9,94000.0,93900.0,93907.0,38.123,3581402.989
300,2024-12-30 00:32:00,93932.8,93958.5,93932.7,93935.2,19.873,1866914.3253
301,2024-12-30 00:33:00,93912.0,93912.0,93800.0,93800.0,335.848,31514256.0887
302,2024-12-30 00:34:00,93760.5,93840.2,93760.3,93814.6,114.42,10732194.6657
303,2024-12-30 00:35:00,93795.3,93808.5,93768.6,93801.4,84.9,7963233.5737
304,2024-12-30 00:36:00,93778.5,93781.2,93701.0,93731.3,189.619,17773494.5159
305,2024-12-30 00:37:00,93761.0,93814.6,93731.2,93811.1,108.885,10211865.5546
306,2024-12-30 00:38:00,93811.0,93814.5,93621.8,93693.3,397.783,37271776.913
307,2024-12-30 00:39:00,93716.9,93729.5,93605.2,93647.7,290.636,27221730.5351
308,2024-12-30 00:40:00,93577.1,93649.4,93565.0,93598.9,283.248,26513110.4019
309,2024-12-30 00:41:00,93591.1,93685.9,93591.1,93641.8,255.335,23910939.8019
310,2024-12-30 00:42:00,93660.9,93660.9,93543.0,93589.5,290.238,27162021.6556
311,2024-12-30 00:43:00,93644.0,93764.1,93590.6,93740.4,234.016,21925435.2047
312,2024-12-30 00:44:00,93740.4,93740.5,93646.9,93701.1,255.96,23977885.0403
313,2024-12-30 00:46:00,93736.0,93736.1,93736.0,93736.1,1.758,164788.0497
314,2024-12-30 00:47:00,93754.1,93754.1,93738.4,93744.8,11.425,1071089.2854
315,2024-12-30 00:48:00,93717.0,93717.0,93707.4,93707.5,9.117,854376.9193
316,2024-12-30 00:49:00,93746.9,93754.4,93746.9,93754.4,6.955,652018.5951
317,2024-12-30 00:50:00,93754.4,93780.0,93737.1,93779.9,60.157,5640034.2786
318,2024-12-30 00:51:00,93760.1,93810.8,93760.0,93810.7,54.258,5088256.6128
319,2024-12-30 00:52:00,93853.7,93859.6,93802.0,93818.0,41.319,3876852.1787
320,2024-12-30 00:53:00,93800.1,93811.6,93783.0,93793.6,29.802,2795327.3915
321,2024-12-30 00:54:00,93821.2,93837.9,93818.6,93836.0,31.139,2921691.4753
322,2024-12-30 00:55:00,93832.2,93859.1,93801.8,93859.1,31.537,2959523.5278
323,2024-12-30 00:56:00,93835.0,93835.0,93799.6,93799.6,41.779,3919567.2239
324,2024-12-30 00:57:00,93822.0,93890.0,93821.9,93883.1,212.288,19926706.2759
325,2024-12-30 00:58:00,93854.4,93857.7,93806.7,93828.7,40.081,3760735.5315
326,2024-12-30 00:59:00,93810.4,93855.5,93810.4,93855.4,34.653,3251729.5925
327,2024-12-30 01:00:00,93850.0,93855.5,93791.9,93797.3,102.516,9618706.7554
328,2024-12-30 01:01:00,93777.8,93855.5,93777.8,93800.1,60.642,5688997.8116
329,2024-12-30 01:02:00,93799.2,93806.7,93754.6,93780.2,62.761,5885831.0299
330,2024-12-30 01:03:00,93783.6,93790.8,93740.4,93752.3,64.773,6073141.9449
331,2024-12-30 01:05:00,93845.6,93845.7,93845.6,93845.6,0.135,12669.1568
332,2024-12-30 01:06:00,93777.8,93777.8,93773.1,93773.2,1.08,101275.3402
333,2024-12-30 01:07:00,93768.0,93777.7,93758.0,93758.0,25.149,2358207.0164
334,2024-12-30 01:08:00,93826.0,93849.6,93825.9,93849.6,11.62,1090470.9638
335,2024-12-30 01:09:00,93916.2,93950.4,93916.2,93927.5,61.302,5758538.1006
336,2024-12-30 01:10:00,93948.1,93982.7,93948.1,93962.7,22.586,2122381.1526
337,2024-12-30 01:11:00,94012.5,94053.5,94012.5,94053.4,38.988,3666241.1123
338,2024-12-30 01:12:00,94002.5,94002.6,93991.6,93991.7,21.242,1996700.3925
339,2024-12-30 01:13:00,93979.6,94015.7,93979.6,94015.6,25.152,2364261.2717
340,2024-12-30 01:14:00,93992.2,93999.9,93987.9,93988.2,21.749,2044223.9448
341,2024-12-30 01:15:00,94035.3,94063.8,93982.8,94003.3,66.155,6219974.7495
342,2024-12-30 01:16:00,93983.6,94001.9,93980.7,93996.3,20.999,1973638.9704
343,2024-12-30 01:17:00,93972.9,93972.9,93864.5,93898.2,98.055,9207737.6013
344,2024-12-30 01:18:00,93867.0,93898.3,93866.9,93886.6,48.882,4589189.9276
345,2024-12-30 01:19:00,93928.8,93997.7,93928.8,93997.6,27.447,2579088.9909
346,2024-12-30 01:20:00,93948.2,93948.3,93900.0,93907.1,55.531,5216038.0937
347,2024-12-30 01:21:00,93901.7,93948.3,93901.7,93948.2,23.462,2203809.0274
348,2024-12-30 01:22:00,93971.0,94010.0,93948.2,93989.4,94.004,8834374.0029
349,2024-12-30 01:23:00,93967.4,93976.5,93939.6,93960.4,23.388,2197458.1102
350,2024-12-30 01:24:00,93955.6,94010.0,93937.0,93981.6,51.909,4877788.6446
351,2024-12-30 01:25:00,93981.6,93990.6,93975.9,93975.9,12.847,1207382.294
352,2024-12-30 01:27:00,93886.9,93886.9,93886.9,93886.9,0.272,25537.2368
353,2024-12-30 01:28:00,93818.2,93818.3,93809.3,93809.4,9.209,863910.1446
354,2024-12-30 01:29:00,93797.4,93797.4,93797.3,93797.3,4.881,457824.8257
355,2024-12-30 01:30:00,93812.4,93815.4,93812.3,93812.4,7.662,718799.3521
356,2024-12-30 01:31:00,93829.5,93829.5,93782.3,93782.3,50.964,4780149.6501
357,2024-12-30 01:32:00,93770.6,93787.3,93770.5,93787.2,28.508,2673575.0049
358,2024-12-30 01:33:00,93902.9,93920.3,93871.6,93871.7,13.826,1298221.7072
359,2024-12-30 01:34:00,93871.6,93882.6,93837.1,93882.5,12.145,1139962.6508
360,2024-12-30 01:35:00,93887.9,93888.0,93871.6,93871.6,4.845,454840.1856
361,2024-12-30 01:36:00,93895.6,93895.7,93871.6,93871.7,16.332,1533362.3825
362,2024-12-30 01:37:00,93863.7,93876.3,93850.0,93850.0,25.316,2376271.7813
363,2024-12-30 01:38:00,93839.7,93892.8,93818.3,93892.8,22.78,2137895.5864
364,2024-12-30 01:39:00,93892.8,93931.9,93885.9,93910.8,28.241,2652350.3537
365,2024-12-30 01:40:00,93910.7,93948.2,93896.5,93926.7,22.983,2158632.6135
366,2024-12-30 01:42:00,93977.3,93977.3,93966.5,93966.5,5.504,517242.7441
367,2024-12-30 01:43:00,93946.9,93950.7,93946.8,93950.6,2.78,261172.7409
368,2024-12-30 01:44:00,93939.1,93939.2,93936.5,93936.5,2.078,195201.5494
369,2024-12-30 01:45:00,93968.3,93975.2,93968.2,93975.0,7.731,726498.6821
370,2024-12-30 01:46:00,93922.9,93922.9,93906.5,93909.3,9.044,849323.6763
371,2024-12-30 01:47:00,93883.1,93883.2,93874.6,93874.6,4.578,429786.0521
372,2024-12-30 01:48:00,93921.0,93921.0,93885.7,93895.1,9.489,890961.8329
373,2024-12-30 01:49:00,93878.0,93913.9,93877.9,93911.7,16.902,1587110.6239
374,2024-12-30 01:50:00,93891.8,93930.1,93891.8,93907.5,10.18,956042.0494
375,2024-12-30 01:51:00,93915.4,93920.2,93891.9,93920.2,19.225,1805376.7953
376,2024-12-30 01:52:00,93885.7,93890.4,93857.6,93857.7,24.812,2329007.1868
377,2024-12-30 01:53:00,93854.6,93864.0,93854.6,93863.9,8.313,780264.0623
378,2024-12-30 01:54:00,93883.3,93909.6,93871.6,93871.7,21.643,2032132.6811
379,2024-12-30 01:55:00,93879.5,93894.5,93865.9,93885.7,17.367,1630355.7764
380,2024-12-30 01:56:00,93915.8,93923.3,93915.7,93922.8,9.693,910370.2814
381,2024-12-30 01:57:00,93900.1,93909.2,93887.7,93909.1,15.962,1498839.7432
382,2024-12-30 01:58:00,93912.6,93922.8,93892.1,93909.6,29.043,2727448.2204
383,2024-12-30 01:59:00,93909.6,93909.6,93902.1,93902.1,13.566,1273906.4143
384,2024-12-30 02:00:00,93902.2,93902.2,93891.4,93899.7,15.736,1477568.7798
385,2024-12-30 02:01:00,93899.7,93899.8,93794.0,93794.1,51.962,4875663.9607
386,2024-12-30 02:02:00,93768.0,93802.8,93725.0,93725.0,107.921,10119331.5111
387,2024-12-30 02:03:00,93700.0,93700.1,93639.7,93692.6,100.643,9428241.1193
388,2024-12-30 02:04:00,93692.7,93721.0,93666.0,93680.5,53.419,5005270.3667
389,2024-12-30 02:05:00,93685.1,93722.6,93684.3,93722.5,64.801,6072062.2579
390,2024-12-30 02:07:00,93735.0,93735.0,93735.0,93735.0,0.004,374.94
391,2024-12-30 02:08:00,93753.0,93753.1,93753.0,93753.1,0.699,65533.3551
392,2024-12-30 02:09:00,93748.9,93749.0,93731.0,93731.0,8.772,822349.2323
393,2024-12-30 02:10:00,93766.9,93778.9,93745.7,93745.8,10.808,1013457.9108
394,2024-12-30 02:11:00,93774.2,93774.2,93752.1,93760.6,5.076,475928.4792
395,2024-12-30 02:12:00,93761.4,93778.9,93761.4,93765.7,4.432,415595.5158
396,2024-12-30 02:13:00,93751.9,93801.6,93751.9,93801.6,21.318,1999194.615
397,2024-12-30 02:14:00,93828.1,93837.1,93810.1,93810.1,13.805,1295288.8097
398,2024-12-30 02:15:00,93866.7,93871.6,93837.0,93837.0,17.318,1625525.1638
399,2024-12-30 02:16:00,93893.9,93895.2,93852.9,93858.5,22.133,2077753.8147
400,2024-12-30 02:17:00,93829.2,93833.1,93789.3,93789.3,14.446,1355231.5529
401,2024-12-30 02:18:00,93742.7,93782.5,93742.7,93772.9,15.907,1491421.3425
402,2024-12-30 02:19:00,93830.4,93861.0,93805.9,93852.6,46.944,4404848.6613
403,2024-12-30 02:20:00,93870.8,93870.8,93796.0,93796.0,25.477,2390608.4765
404,2024-12-30 02:21:00,93787.3,93787.3,93740.6,93747.5,23.886,2239639.8778
405,2024-12-30 02:22:00,93750.1,93762.5,93739.2,93741.6,7.775,728916.9295
406,2024-12-30 02:23:00,93762.5,93762.5,93744.0,93762.4,7.222,677112.9955
407,2024-12-30 02:24:00,93780.0,93801.2,93776.0,93801.2,7.559,708908.7826
408,2024-12-30 02:25:00,93801.1,93811.1,93789.1,93802.6,10.087,946163.3047
409,2024-12-30 02:26:00,93802.5,93836.1,93802.5,93824.4,16.269,1526424.8051
410,2024-12-30 02:27:00,93836.0,93836.0,93805.9,93829.4,7.62,714935.4952
411,2024-12-30 02:28:00,93829.3,93829.3,93790.2,93790.3,16.717,1568251.2304
412,2024-12-30 02:29:00,93768.5,93768.6,93713.3,93718.0,17.534,1643734.2592
413,2024-12-30 02:30:00,93726.2,93749.7,93710.3,93728.0,37.228,3489740.8027
414,2024-12-30 02:31:00,93718.0,93748.3,93659.2,93667.8,105.937,9925894.8226
415,2024-12-30 02:32:00,93672.2,93672.3,93556.8,93618.1,247.811,23193886.7544
416,2024-12-30 02:33:00,93623.2,93634.1,93603.7,93633.6,49.041,4591243.1888
417,2024-12-30 02:34:00,93656.2,93656.2,93557.0,93600.5,163.044,15260294.3936
418,2024-12-30 02:35:00,93605.2,93628.9,93579.6,93595.2,52.095,4876268.8541
419,2024-12-30 02:37:00,93598.0,93598.0,93597.9,93597.9,0.446,41744.7039
420,2024-12-30 02:38:00,93619.4,93630.3,93595.8,93601.9,42.415,3970582.6712
421,2024-12-30 02:39:00,93612.1,93624.6,93612.0,93624.6,9.236,864690.9639
422,2024-12-30 02:40:00,93702.0,93702.0,93652.4,93652.4,19.28,1806039.3524
423,2024-12-30 02:41:00,93652.3,93660.6,93652.2,93656.7,9.47,886896.2986
424,2024-12-30 02:42:00,93637.1,93637.1,93623.2,93623.2,15.899,1488610.1753
425,2024-12-30 02:43:00,93654.1,93677.3,93647.8,93677.0,8.54,799860.677
426,2024-12-30 02:44:00,93688.0,93695.7,93688.0,93695.7,12.695,1189422.6416
427,2024-12-30 02:45:00,93706.6,93706.7,93680.5,93682.4,9.983,935330.6948
428,2024-12-30 02:46:00,93682.3,93682.7,93675.7,93682.6,23.465,2198236.9034
429,2024-12-30 02:47:00,93724.4,93724.5,93702.8,93711.0,8.685,813910.8791
430,2024-12-30 02:48:00,93853.4,93853.4,93788.6,93844.7,51.96,4875238.6994
431,2024-12-30 02:49:00,93809.8,93826.0,93794.6,93818.4,19.253,1806110.6885
432,2024-12-30 02:50:00,93805.1,93851.8,93805.1,93851.7,28.72,2694801.3755
433,2024-12-30 02:51:00,93749.7,93788.6,93742.5,93769.4,59.865,5612958.787
434,2024-12-30 02:52:00,93791.6,93810.5,93773.9,93782.1,18.763,1759867.486
435,2024-12-30 02:53:00,93754.5,93754.5,93714.2,93714.3,43.338,4062334.6655
436,2024-12-30 02:54:00,93676.4,93676.5,93622.9,93635.1,141.486,13249212.5164
437,2024-12-30 02:55:00,93612.5,93646.4,93594.9,93634.8,153.79,14397355.205
438,2024-12-30 02:56:00,93650.0,93650.0,93581.5,93588.1,122.899,11507336.7124
439,2024-12-30 02:57:00,93595.1,93631.5,93587.7,93619.3,56.111,5253098.9767
440,2024-12-30 02:58:00,93628.0,93638.6,93600.1,93613.9,17.28,1617687.0864
441,2024-12-30 02:59:00,93631.5,93641.4,93553.8,93599.7,120.991,11324105.1836
442,2024-12-30 03:00:00,93612.0,93627.1,93581.5,93589.8,66.17,6193775.175
443,2024-12-30 03:01:00,93589.8,93655.5,93575.0,93655.5,103.327,9672483.7051
444,2024-12-30 03:03:00,93577.9,93577.9,93577.8,93577.9,1.855,173586.9895
445,2024-12-30 03:04:00,93624.2,93624.2,93624.1,93624.1,0.655,61323.8124
446,2024-12-30 03:05:00,93623.2,93632.6,93609.0,93609.0,8.991,841716.3784
447,2024-12-30 03:06:00,93630.0,93630.0,93629.9,93629.9,0.502,47002.2477
448,2024-12-30 03:07:00,93645.6,93645.6,93624.7,93625.2,29.787,2789143.2937
449,2024-12-30 03:08:00,93650.0,93672.8,93627.5,93672.8,28.341,2654175.4328
450,2024-12-30 03:09:00,93693.4,93693.4,93650.1,93650.1,8.679,812983.8329
451,2024-12-30 03:10:00,93655.8,93655.8,93632.2,93655.7,10.83,1014194.6001
452,2024-12-30 03:11:00,93675.6,93685.5,93621.9,93622.0,175.344,16421711.3111
453,2024-12-30 03:12:00,93660.0,93675.2,93659.9,93660.2,23.135,2167084.3428
454,2024-12-30 03:13:00,93679.5,93679.5,93650.0,93650.1,13.903,1302191.2628
455,2024-12-30 03:14:00,93662.5,93667.3,93640.0,93640.1,12.7,1189486.1546
456,2024-12-30 03:15:00,93640.1,93649.0,93640.0,93649.0,7.783,728826.8585
457,2024-12-30 03:16:00,93671.2,93760.0,93671.1,93754.2,25.773,2415431.3919
458,2024-12-30 03:17:00,93716.1,93754.3,93716.0,93749.0,14.654,1373552.0968
459,2024-12-30 03:18:00,93754.3,93769.6,93716.9,93766.3,31.371,2941210.29
460,2024-12-30 03:19:00,93777.0,93788.0,93759.0,93759.1,25.045,2348564.5308
461,2024-12-30 03:20:00,93762.0,93826.0,93761.9,93826.0,36.273,3402542.5145
462,2024-12-30 03:21:00,93810.9,93817.3,93734.0,93736.8,29.659,2781311.5055
463,2024-12-30 03:22:00,93768.2,93791.1,93761.7,93791.1,29.468,2763239.0937
464,2024-12-30 03:23:00,93799.9,93800.0,93782.5,93799.9,42.887,4022511.1088
465,2024-12-30 03:24:00,93818.7,93818.7,93800.0,93801.2,18.82,1765526.6758
466,2024-12-30 03:25:00,93801.2,93810.6,93801.1,93810.6,11.824,1109161.2331
467,2024-12-30 03:26:00,93800.1,93818.7,93763.7,93768.4,45.734,4289578.0961
468,2024-12-30 03:27:00,93759.8,93759.8,93742.4,93742.4,12.461,1168253.2487
469,2024-12-30 03:28:00,93742.4,93763.7,93742.4,93756.6,20.24,1897443.722
470,2024-12-30 03:29:00,93756.6,93756.6,93663.5,93672.2,178.616,16735682.2126
471,2024-12-30 03:31:00,93727.0,93727.0,93726.9,93727.0,0.202,18932.8524
472,2024-12-30 03:32:00,93752.9,93752.9,93695.0,93695.0,12.677,1188244.0431
473,2024-12-30 03:33:00,93702.2,93702.2,93700.0,93700.0,2.512,235378.64
474,2024-12-30 03:34:00,93647.3,93653.0,93633.8,93633.9,8.03,751964.9615
475,2024-12-30 03:35:00,93640.0,93640.0,93639.9,93640.0,2.148,201138.6895
476,2024-12-30 03:36:00,93632.6,93632.6,93625.0,93625.1,17.41,1630068.8096
477,2024-12-30 03:37:00,93586.1,93650.0,93586.0,93650.0,19.568,1831606.6969
478,2024-12-30 03:38:00,93573.8,93604.4,93572.7,93604.3,24.509,2293660.1803
479,2024-12-30 03:39:00,93498.0,93528.8,93485.0,93515.5,94.733,8858317.7538
480,2024-12-30 03:40:00,93478.2,93490.9,93459.5,93473.5,46.615,4357443.6703
481,2024-12-30 03:41:00,93452.3,93468.0,93450.0,93468.0,28.281,2643023.5141
482,2024-12-30 03:42:00,93481.9,93537.1,93481.9,93521.1,62.094,5806862.3575
483,2024-12-30 03:43:00,93503.2,93515.7,93459.6,93459.7,36.437,3406151.8557
484,2024-12-30 03:44:00,93443.0,93448.6,93333.0,93428.4,559.771,52278963.1159
485,2024-12-30 03:45:00,93406.3,93436.6,93386.2,93436.6,157.889,14746163.9041
486,2024-12-30 03:46:00,93494.5,93494.5,93396.3,93462.4,98.699,9221578.2109
487,2024-12-30 03:47:00,93403.5,93446.2,93380.0,93429.5,105.858,9888219.2595
488,2024-12-30 03:48:00,93481.1,93481.2,93407.2,93417.5,60.712,5672912.8911
489,2024-12-30 03:49:00,93445.4,93480.0,93380.0,93434.5,158.953,14851598.9278
490,2024-12-30 03:50:00,93408.0,93498.1,93389.8,93498.1,67.373,6294340.1595
491,2024-12-30 03:51:00,93472.4,93557.1,93434.9,93435.4,90.539,8465828.1547
492,2024-12-30 03:52:00,93445.4,93448.9,93405.3,93422.0,43.434,4057659.6775
493,2024-12-30 03:53:00,93421.2,93445.6,93417.4,93437.1,28.96,2705635.0002
494,2024-12-30 03:55:00,93482.9,93482.9,93482.9,93482.9,0.004,373.9316
495,2024-12-30 03:56:00,93560.1,93560.1,93538.9,93539.0,5.32,497654.4473
496,2024-12-30 03:57:00,93591.5,93619.5,93591.4,93611.2,11.315,1059113.1598
497,2024-12-30 03:58:00,93601.7,93611.2,93599.8,93599.9,11.406,1067691.5222
498,2024-12-30 03:59:00,93581.9,93586.9,93581.9,93583.4,3.904,365353.903
499,2024-12-30 04:00:00,93559.5,93559.5,93533.5,93541.3,32.627,3052109.1109
500,2024-12-30 04:01:00,93599.9,93600.0,93571.4,93598.8,26.995,2526373.3064
501,2024-12-30 04:02:00,93540.0,93548.2,93506.8,93506.8,22.387,2093927.2379
502,2024-12-30 04:03:00,93460.0,93481.1,93442.7,93481.1,30.292,2831133.3175
503,2024-12-30 04:04:00,93530.4,93554.0,93515.5,93534.0,36.396,3404322.0526
504,2024-12-30 04:05:00,93534.0,93550.0,93521.4,93549.8,17.3,1618215.6429
505,2024-12-30 04:06:00,93581.0,93611.3,93567.0,93567.0,104.249,9757718.99
506,2024-12-30 04:07:00,93515.4,93517.3,93470.0,93478.3,18.921,1769093.3327
507,2024-12-30 04:08:00,93472.3,93472.4,93375.2,93382.9,120.316,11238095.2605
508,2024-12-30 04:09:00,93350.2,93384.7,93336.6,93377.9,70.36,6568488.3163
509,2024-12-30 04:10:00,93407.2,93407.2,93376.3,93379.1,44.13,4121153.6252
510,2024-12-30 04:11:00,93370.7,93416.0,93344.8,93387.0,93.876,8766253.728
511,2024-12-30 04:12:00,93380.0,93409.4,93333.7,93361.6,42.528,3970367.5601
512,2024-12-30 04:13:00,93386.9,93389.9,93380.0,93380.1,12.794,1194767.3604
513,2024-12-30 04:14:00,93403.2,93451.4,93378.2,93450.2,71.842,6711442.5467
514,2024-12-30 04:15:00,93446.5,93446.5,93388.1,93388.1,48.424,4523382.7162
515,2024-12-30 04:16:00,93397.5,93440.9,93382.3,93421.2,57.639,5383956.1827
516,2024-12-30 04:17:00,93412.8,93443.5,93412.8,93432.8,17.199,1606972.8117
517,2024-12-30 04:18:00,93432.9,93436.0,93402.0,93409.6,17.465,1631509.2768
518,2024-12-30 04:19:00,93403.3,93448.8,93400.0,93448.8,41.035,3833650.76
519,2024-12-30 04:20:00,93474.7,93515.5,93439.0,93439.1,32.023,2993803.6842
520,2024-12-30 04:22:00,93410.0,93410.0,93410.0,93410.0,0.028,2615.48
521,2024-12-30 04:23:00,93384.6,93384.6,93384.5,93384.6,0.03,2801.5378
522,2024-12-30 04:24:00,93335.1,93356.7,93335.0,93356.6,5.408,504802.6391
523,2024-12-30 04:25:00,93380.1,93380.1,93380.0,93380.1,2.286,213466.7285
524,2024-12-30 04:26:00,93344.8,93344.8,93340.0,93340.1,3.821,356662.0372
525,2024-12-30 04:27:00,93394.6,93430.0,93394.5,93430.0,8.401,784757.2112
526,2024-12-30 04:28:00,93470.0,93470.0,93440.8,93440.9,5.559,519525.3001
527,2024-12-30 04:29:00,93428.6,93428.6,93395.5,93395.6,44.42,4149219.7568
528,2024-12-30 04:30:00,93450.0,93450.0,93440.5,93450.0,9.807,916422.2327
529,2024-12-30 04:31:00,93427.1,93450.0,93427.1,93433.6,7.216,674282.88
530,2024-12-30 04:32:00,93416.8,93418.2,93392.0,93392.0,27.615,2579338.2249
531,2024-12-30 04:33:00,93427.4,93427.5,93390.2,93406.7,46.0,4296572.7217
532,2024-12-30 04:34:00,93446.2,93446.3,93410.8,93418.3,14.978,1399470.9348
533,2024-12-30 04:35:00,93360.3,93360.4,93300.1,93317.4,137.849,12863775.9952
534,2024-12-30 04:36:00,93340.6,93375.2,93340.6,93369.7,22.1,2063278.5764
535,2024-12-30 04:37:00,93358.7,93392.2,93333.4,93392.1,45.912,4286015.8794
536,2024-12-30 04:38:00,93383.2,93383.2,93340.0,93350.3,36.696,3425680.5913
537,2024-12-30 04:39:00,93365.6,93397.6,93361.5,93396.8,26.216,2448160.8886
538,2024-12-30 04:40:00,93406.0,93454.0,93405.9,93431.4,92.908,8680809.8337
539,2024-12-30 04:41:00,93431.1,93494.5,93400.2,93494.5,60.348,5639287.8269
540,2024-12-30 04:42:00,93498.1,93609.3,93490.9,93572.7,228.886,21416244.6162
541,2024-12-30 04:43:00,93603.0,93603.1,93571.7,93580.9,52.182,4883199.0196
542,2024-12-30 04:44:00,93580.9,93631.7,93580.9,93631.2,54.414,5093745.0437
543,2024-12-30 04:45:00,93631.8,93685.5,93612.6,93649.4,107.109,10031134.9637
544,2024-12-30 04:46:00,93649.5,93791.4,93642.0,93788.0,194.916,18270100.6936
545,2024-12-30 04:48:00,93803.5,93803.5,93796.5,93796.6,3.426,321361.4505
546,2024-12-30 04:49:00,93739.2,93739.2,93735.5,93735.5,6.033,565517.7462
547,2024-12-30 04:50:00,93698.1,93721.5,93698.1,93721.4,8.32,779690.5762
548,2024-12-30 04:51:00,93696.6,93703.7,93696.6,93703.6,3.999,374698.0159
549,2024-12-30 04:52:00,93777.0,93802.6,93770.5,93802.5,51.788,4857172.8275
550,2024-12-30 04:53:00,93726.9,93736.2,93722.3,93722.4,7.251,679613.4295
551,2024-12-30 04:54:00,93722.2,93755.4,93721.0,93727.7,13.122,1230100.7343
552,2024-12-30 04:55:00,93752.9,93752.9,93727.2,93734.6,16.957,1589400.4508
553,2024-12-30 04:56:00,93749.6,93753.1,93749.5,93753.1,6.564,615376.9448
554,2024-12-30 04:57:00,93768.4,93788.6,93768.4,93788.6,14.742,1382539.5395
555,2024-12-30 04:58:00,93800.0,93808.2,93800.0,93808.2,11.252,1055454.2238
556,2024-12-30 04:59:00,93803.6,93807.1,93803.6,93807.0,15.823,1484298.5069
557,2024-12-30 05:00:00,93800.3,93800.3,93752.9,93772.6,95.13,8921661.5348
558,2024-12-30 05:01:00,93773.7,93823.9,93755.0,93823.7,18.481,1733314.4829
559,2024-12-30 05:02:00,93805.3,93853.3,93805.2,93853.3,27.572,2587336.2062
560,2024-12-30 05:03:00,93885.1,93892.4,93866.3,93870.3,47.949,4501491.3684
561,2024-12-30 05:04:00,93868.0,93880.1,93850.2,93850.2,28.194,2646438.2876
562,2024-12-30 05:05:00,93845.8,93845.8,93803.4,93815.3,23.233,2179682.5232
563,2024-12-30 05:06:00,93840.0,93840.0,93767.6,93767.6,87.538,8212298.4113
564,2024-12-30 05:07:00,93765.8,93781.1,93751.7,93753.2,78.069,7320059.037
565,2024-12-30 05:08:00,93760.1,93760.2,93720.6,93733.7,46.765,4383644.2762
566,2024-12-30 05:09:00,93737.9,93738.0,93714.7,93736.2,28.64,2684399.1332
567,2024-12-30 05:10:00,93749.0,93749.1,93721.5,93744.9,39.186,3673063.2737
568,2024-12-30 05:11:00,93731.1,93745.0,93715.3,93721.6,19.693,1845821.8711
569,2024-12-30 05:12:00,93721.4,93721.5,93682.4,93682.5,21.429,2008048.842
570,2024-12-30 05:13:00,93679.9,93680.0,93590.4,93619.0,111.506,10438911.7923
571,2024-12-30 05:14:00,93627.2,93698.1,93627.1,93698.0,41.582,3895153.4059
572,2024-12-30 05:15:00,93711.1,93720.8,93665.5,93680.7,34.002,3185575.324
573,2024-12-30 05:16:00,93667.0,93667.1,93613.5,93657.6,73.212,6855440.5472
574,2024-12-30 05:17:00,93657.6,93657.6,93578.8,93578.8,63.096,5905970.9288
575,2024-12-30 05:18:00,93567.4,93579.3,93565.2,93570.2,88.663,8296275.7071
576,2024-12-30 05:20:00,93680.0,93680.0,93679.9,93680.0,0.947,88714.9585
577,2024-12-30 05:21:00,93700.3,93705.9,93700.2,93705.9,0.482,45165.6097
578,2024-12-30 05:22:00,93660.7,93660.7,93660.6,93660.7,0.596,55821.7465
579,2024-12-30 05:23:00,93678.6,93678.7,93678.6,93678.7,1.296,121407.5113
580,2024-12-30 05:24:00,93655.9,93665.1,93655.9,93665.0,3.88,363402.5028
581,2024-12-30 05:25:00,93684.0,93700.0,93682.1,93699.9,6.271,587504.9456
582,2024-12-30 05:26:00,93750.8,93773.9,93750.8,93765.1,3.757,352263.3196
583,2024-12-30 05:27:00,93845.8,93845.8,93806.6,93829.0,32.513,3050650.7261
584,2024-12-30 05:28:00,93820.0,93820.0,93813.4,93813.7,9.667,906935.3217
585,2024-12-30 05:29:00,93834.9,93835.0,93834.9,93834.9,3.688,346063.3556
586,2024-12-30 05:30:00,93810.5,93810.6,93782.4,93782.5,18.807,1764091.1765
587,2024-12-30 05:31:00,93819.0,93891.1,93812.7,93882.1,82.2,7716233.9047
588,2024-12-30 05:32:00,93853.6,93853.7,93800.0,93800.0,26.861,2520175.6547
589,2024-12-30 05:33:00,93793.1,93853.8,93793.0,93829.4,18.26,1713416.5617
590,2024-12-30 05:34:00,93807.9,93871.4,93807.9,93867.4,21.321,2000699.6679
591,2024-12-30 05:35:00,93827.0,93842.5,93789.1,93807.9,38.111,3575160.3226
592,2024-12-30 05:36:00,93826.4,93826.5,93815.2,93815.3,3.328,312239.2914
593,2024-12-30 05:37:00,93798.5,93798.5,93741.0,93741.0,25.92,2430510.5655
594,2024-12-30 05:38:00,93750.0,93774.9,93717.0,93761.6,45.456,4261611.9284
595,2024-12-30 05:39:00,93735.6,93739.9,93720.0,93722.2,49.6,4649180.7
596,2024-12-30 05:40:00,93677.5,93715.4,93669.5,93715.4,28.331,2654285.6285
597,2024-12-30 05:41:00,93715.4,93724.2,93688.2,93697.4,49.129,4603865.9844
598,2024-12-30 05:43:00,93724.1,93728.1,93724.1,93728.1,0.587,55016.0636
599,2024-12-30 05:44:00,93722.6,93722.6,93722.6,93722.6,0.009,843.5034
600,2024-12-30 05:45:00,93731.8,93731.9,93731.8,93731.9,0.737,69080.3639
601,2024-12-30 05:46:00,93661.3,93661.3,93650.0,93650.0,1.458,136549.4678
602,2024-12-30 05:47:00,93508.0,93508.0,93500.1,93500.1,3.737,349416.0678
603,2024-12-30 05:48:00,93561.4,93561.5,93550.0,93550.1,3.744,350280.9951
604,2024-12-30 05:49:00,93528.7,93528.7,93453.0,93453.0,55.468,5185354.5306
605,2024-12-30 05:50:00,93408.2,93460.5,93380.2,93460.5,146.459,13680900.837
606,2024-12-30 05:51:00,93358.5,93396.2,93358.1,93393.7,39.196,3659790.6213
607,2024-12-30 05:52:00,93254.2,93275.9,93110.0,93111.7,644.508,60044034.4487
608,2024-12-30 05:53:00,93169.8,93282.8,93169.7,93251.0,98.456,9179574.5511
609,2024-12-30 05:54:00,93151.5,93188.4,93118.9,93166.4,68.649,6395472.7916
610,2024-12-30 05:55:00,93201.8,93297.0,93150.0,93240.1,297.596,27748078.0814
611,2024-12-30 05:56:00,93340.1,93345.0,93318.1,93344.9,89.052,8311841.3033
612,2024-12-30 05:57:00,93348.9,93385.7,93348.9,93381.0,54.073,5048951.3749
613,2024-12-30 05:58:00,93385.7,93397.9,93317.5,93317.5,62.299,5816145.2822
614,2024-12-30 05:59:00,93380.0,93380.0,93342.6,93354.7,18.47,1724283.611
615,2024-12-30 06:00:00,93303.4,93344.9,93280.0,93336.0,54.597,5095027.6845
616,2024-12-30 06:01:00,93393.9,93424.0,93379.9,93424.0,41.668,3891778.773
617,2024-12-30 06:02:00,93440.7,93457.4,93406.5,93412.6,55.118,5150068.8285
618,2024-12-30 06:03:00,93417.6,93417.6,93332.3,93342.3,42.067,3927592.1225
619,2024-12-30 06:04:00,93361.1,93383.0,93342.6,93367.4,28.97,2704754.8821
620,2024-12-30 06:05:00,93356.0,93384.7,93324.7,93384.6,58.317,5443411.8233
621,2024-12-30 06:06:00,93384.7,93459.0,93361.3,93459.0,96.941,9056506.2851
622,2024-12-30 06:07:00,93449.7,93455.2,93412.7,93412.7,17.794,1662522.8394
623,2024-12-30 06:08:00,93390.1,93426.5,93374.4,93417.9,27.837,2599924.3142
624,2024-12-30 06:10:00,93334.2,93334.2,93334.1,93334.2,0.171,15960.1376
625,2024-12-30 06:11:00,93258.8,93258.8,93258.8,93258.8,0.154,14361.8552
626,2024-12-30 06:12:00,93285.8,93285.8,93270.8,93281.9,4.914,458376.7816
627,2024-12-30 06:13:00,93251.6,93251.7,93240.0,93240.0,4.282,399290.2368
628,2024-12-30 06:14:00,93225.8,93225.9,93225.8,93225.8,3.41,317900.0571
629,2024-12-30 06:15:00,93270.9,93270.9,93257.4,93263.3,13.876,1294179.403
630,2024-12-30 06:16:00,93243.8,93251.0,93237.2,93237.2,7.123,664180.1939
631,2024-12-30 06:17:00,93170.1,93231.0,93170.0,93231.0,21.442,1998597.8012
632,2024-12-30 06:18:00,93231.1,93231.1,93183.4,93183.6,32.337,3014317.651
633,2024-12-30 06:19:00,93215.6,93215.7,93184.2,93198.1,16.089,1499471.0031
634,2024-12-30 06:20:00,93178.2,93184.1,93178.1,93184.0,14.574,1357986.8119
635,2024-12-30 06:21:00,93105.5,93150.0,93100.8,93137.5,49.044,4567472.6043
636,2024-12-30 06:22:00,93128.4,93141.0,93120.2,93124.9,60.245,5610735.4312
637,2024-12-30 06:23:00,93115.0,93115.0,93100.0,93104.9,46.723,4350368.7862
638,2024-12-30 06:24:00,93060.1,93123.2,93044.3,93121.8,140.233,13054336.2466
639,2024-12-30 06:25:00,93055.4,93067.6,93046.3,93057.8,50.259,4677063.3544
640,2024-12-30 06:26:00,93047.3,93063.9,93012.5,93037.7,110.5,10280343.3847
641,2024-12-30 06:27:00,93057.0,93083.5,93056.9,93075.1,59.908,5575607.6219
642,2024-12-30 06:28:00,93065.9,93191.6,93040.0,93187.5,128.9,12003505.1028
643,2024-12-30 06:29:00,93250.0,93259.9,93224.3,93255.3,150.515,14034961.2175
644,2024-12-30 06:30:00,93251.8,93402.1,93250.0,93357.8,122.254,11411559.3555
645,2024-12-30 06:31:00,93375.2,93482.5,93375.1,93450.0,187.945,17561267.0963
646,2024-12-30 06:32:00,93460.8,93514.9,93460.8,93508.0,113.604,10621851.0173
647,2024-12-30 06:33:00,93477.9,93586.9,93474.9,93586.9,71.548,6692243.3208
648,2024-12-30 06:34:00,93606.8,93635.2,93482.8,93533.3,131.511,12303615.1271
649,2024-12-30 06:35:00,93533.2,93533.3,93407.2,93452.5,112.593,10522954.2774
650,2024-12-30 06:36:00,93452.4,93452.5,93370.6,93370.7,54.46,5088065.7556
651,2024-12-30 06:37:00,93377.5,93431.6,93363.5,93365.2,45.396,4239500.447
652,2024-12-30 06:39:00,93463.0,93464.6,93446.2,93446.2,19.228,1797012.698
653,2024-12-30 06:40:00,93466.2,93475.8,93455.6,93464.5,14.93,1395483.7383
654,2024-12-30 06:41:00,93506.3,93515.0,93506.3,93515.0,10.969,1025724.5141
655,2024-12-30 06:42:00,93607.9,93658.0,93607.9,93658.0,32.734,3065043.0703
656,2024-12-30 06:43:00,93665.0,93686.4,93653.2,93653.3,22.067,2067080.9896
657,2024-12-30 06:44:00,93688.0,93688.1,93652.7,93655.0,12.428,1164052.522
658,2024-12-30 06:45:00,93609.1,93612.6,93593.7,93603.4,27.476,2571842.9815
659,2024-12-30 06:46:00,93613.8,93614.0,93613.8,93614.0,4.662,436427.8718
660,2024-12-30 06:47:00,93574.0,93574.0,93506.7,93506.8,11.351,1061717.4412
661,2024-12-30 06:48:00,93501.4,93580.0,93501.4,93580.0,17.336,1621531.0943
662,2024-12-30 06:49:00,93598.4,93609.4,93594.9,93594.9,10.935,1023544.0352
663,2024-12-30 06:50:00,93595.0,93598.9,93594.9,93598.8,6.055,566722.0232
664,2024-12-30 06:51:00,93571.9,93572.0,93571.9,93572.0,4.175,390662.8568
665,2024-12-30 06:52:00,93574.9,93580.0,93574.8,93580.0,11.724,1097101.9016
666,2024-12-30 06:53:00,93521.1,93525.9,93517.6,93525.9,8.322,778287.5037
667,2024-12-30 06:54:00,93515.7,93515.7,93400.0,93400.1,40.509,3785773.6793
668,2024-12-30 06:55:00,93328.2,93383.7,93307.6,93326.3,43.12,4024749.2679
669,2024-12-30 06:56:00,93316.2,93316.2,93232.9,93280.4,102.822,9588962.1489
670,2024-12-30 06:57:00,93205.0,93205.0,93122.3,93142.2,141.034,13138210.6678
671,2024-12-30 06:58:00,93106.7,93106.7,93065.7,93087.7,122.2,11374667.122
672,2024-12-30 06:59:00,93053.7,93089.4,93037.3,93070.3,178.615,16621713.763
673,2024-12-30 07:00:00,93100.3,93218.4,93094.0,93160.8,201.825,18802754.5235
674,2024-12-30 07:01:00,93182.8,93205.9,93150.0,93159.1,80.888,7537160.2217
675,2024-12-30 07:02:00,93243.2,93278.1,93201.0,93222.9,127.162,11857906.2856
676,2024-12-30 07:03:00,93214.3,93244.5,93151.0,93180.9,90.147,8402014.4839
677,2024-12-30 07:04:00,93187.1,93217.4,93082.6,93127.9,203.669,18971674.0411
678,2024-12-30 07:05:00,93128.1,93132.8,93050.4,93132.7,147.527,13731029.9106
679,2024-12-30 07:06:00,93106.6,93135.0,93035.0,93039.7,175.59,16340649.6601
680,2024-12-30 07:07:00,93026.0,93144.9,93000.0,93118.6,251.736,23422606.7104
681,2024-12-30 07:08:00,93139.9,93161.1,93023.6,93068.8,123.293,11476879.963
682,2024-12-30 07:10:00,93049.0,93053.8,93043.8,93045.9,10.612,987433.5871
683,2024-12-30 07:11:00,93019.6,93019.7,93019.6,93019.6,1.015,94414.9845
684,2024-12-30 07:12:00,93169.2,93174.5,93116.8,93121.0,8.821,821656.1167
685,2024-12-30 07:13:00,93050.0,93050.0,93010.0,93010.0,10.835,1007841.0412
686,2024-12-30 07:14:00,93008.9,93011.0,92968.0,93002.0,50.571,4702625.7097
687,2024-12-30 07:15:00,93012.2,93055.9,93012.1,93049.1,17.277,1607336.7628
688,2024-12-30 07:16:00,93112.6,93119.5,93088.3,93088.3,14.424,1342994.3337
689,2024-12-30 07:17:00,93157.0,93157.0,93110.9,93111.0,29.463,2743883.2332
690,2024-12-30 07:18:00,93160.8,93195.5,93147.5,93175.4,39.988,3725588.0006
691,2024-12-30 07:19:00,93169.7,93193.1,93169.7,93189.3,4.768,444305.5185
692,2024-12-30 07:20:00,93151.3,93177.2,93123.0,93136.9,35.154,3275066.7689
693,2024-12-30 07:21:00,93230.7,93327.2,93197.7,93325.2,83.132,7753462.7162
694,2024-12-30 07:22:00,93325.7,93330.0,93312.4,93329.9,18.591,1734890.3078
695,2024-12-30 07:23:00,93282.6,93282.6,93230.7,93230.8,29.816,2780435.1003
696,2024-12-30 07:24:00,93306.3,93349.9,93306.3,93343.7,32.363,3020468.7494
697,2024-12-30 07:25:00,93283.5,93319.2,93258.7,93286.5,38.226,3565880.8244
698,2024-12-30 07:26:00,93320.9,93320.9,93263.8,93289.8,19.818,1848896.6127
699,2024-12-30 07:27:00,93282.3,93372.7,93282.3,93342.3,31.943,2981512.4189
700,2024-12-30 07:28:00,93372.7,93380.8,93354.7,93380.8,18.472,1724802.7315
701,2024-12-30 07:29:00,93404.8,93483.8,93400.1,93451.9,130.908,12233467.1874
702,2024-12-30 07:30:00,93456.7,93550.8,93445.4,93550.8,122.824,11484704.1093
703,2024-12-30 07:31:00,93556.1,93592.2,93540.0,93592.1,201.139,18820102.2114
704,2024-12-30 07:32:00,93580.4,93600.0,93550.0,93600.0,142.006,13287351.6741
705,2024-12-30 07:33:00,93590.0,93590.1,93525.0,93541.7,137.038,12821027.3348
706,2024-12-30 07:34:00,93552.7,93629.6,93552.7,93618.5,99.576,9320221.5686
707,2024-12-30 07:35:00,93639.0,93650.0,93608.7,93610.5,73.224,6855713.3069
708,2024-12-30 07:36:00,93625.5,93706.0,93600.0,93706.0,105.886,9918233.2658
709,2024-12-30 07:37:00,93701.3,93783.4,93640.0,93707.5,201.011,18837649.5281
710,2024-12-30 07:39:00,93696.1,93696.1,93692.9,93695.6,4.371,409540.6726
711,2024-12-30 07:40:00,93710.5,93733.1,93710.5,93733.1,4.207,394316.7443
712,2024-12-30 07:41:00,93652.5,93653.3,93642.0,93646.4,9.449,884895.2242
713,2024-12-30 07:42:00,93676.6,93688.5,93655.5,93688.5,9.628,901860.0232
714,2024-12-30 07:43:00,93668.4,93668.5,93641.7,93645.6,9.832,920798.2906
715,2024-12-30 07:44:00,93700.0,93700.0,93699.9,93700.0,3.523,330104.8957
716,2024-12-30 07:45:00,93670.0,93683.4,93660.5,93679.5,13.957,1307297.9189
717,2024-12-30 07:46:00,93690.6,93721.4,93690.5,93721.4,7.136,668645.2767
718,2024-12-30 07:47:00,93795.6,93819.5,93774.0,93777.6,90.027,8444478.7561
719,2024-12-30 07:48:00,93784.8,93812.8,93768.7,93801.1,35.213,3302860.1987
720,2024-12-30 07:49:00,93740.0,93809.4,93740.0,93784.7,28.885,2708876.7283
721,2024-12-30 07:50:00,93795.4,93795.4,93768.2,93768.2,60.259,5650742.026
722,2024-12-30 07:51:00,93777.7,93785.6,93744.9,93772.8,32.029,3003100.0593
723,2024-12-30 07:52:00,93757.8,93810.5,93725.5,93791.8,57.471,5388812.4334
724,2024-12-30 07:53:00,93824.3,93827.7,93772.9,93791.7,44.582,4181689.0216
725,2024-12-30 07:54:00,93792.9,93800.3,93779.2,93794.3,32.352,3034472.183
726,2024-12-30 07:55:00,93790.0,93790.0,93750.0,93750.0,24.0,2250328.0317
727,2024-12-30 07:56:00,93744.9,93755.5,93703.1,93736.0,123.001,11529376.5828
728,2024-12-30 07:57:00,93759.7,93761.4,93708.7,93708.8,35.225,3301923.0137
729,2024-12-30 07:58:00,93716.1,93716.2,93653.9,93653.9,150.607,14107251.175
730,2024-12-30 07:59:00,93655.8,93700.0,93652.6,93700.0,45.99,4308142.4465
731,2024-12-30 08:00:00,93699.9,93707.2,93640.0,93650.0,108.892,10200172.5112
732,2024-12-30 08:01:00,93650.0,93650.0,93495.0,93495.0,326.718,30564126.5772
733,2024-12-30 08:02:00,93532.0,93532.0,93456.3,93530.4,129.335,12091147.1838
734,2024-12-30 08:03:00,93530.5,93589.0,93468.7,93563.5,67.471,6311482.594
735,2024-12-30 08:05:00,93526.8,93526.8,93526.7,93526.7,0.853,79778.3063
736,2024-12-30 08:06:00,93540.4,93549.4,93524.5,93524.6,8.861,828873.3114
737,2024-12-30 08:07:00,93553.1,93607.7,93553.0,93607.7,10.154,950300.219
738,2024-12-30 08:08:00,93660.3,93671.3,93650.0,93671.3,3.62,339037.8394
739,2024-12-30 08:09:00,93729.9,93730.0,93665.1,93665.1,14.033,1314883.3657
740,2024-12-30 08:10:00,93674.4,93681.4,93641.9,93642.0,18.522,1734920.3701
741,2024-12-30 08:11:00,93564.8,93588.0,93564.7,93573.3,13.068,1222866.4014
742,2024-12-30 08:12:00,93587.9,93632.4,93582.3,93632.4,12.683,1187177.4275
743,2024-12-30 08:13:00,93598.8,93646.4,93598.8,93618.3,34.28,3209787.1958
744,2024-12-30 08:14:00,93655.8,93677.3,93646.9,93677.2,21.619,2024916.1242
745,2024-12-30 08:15:00,93684.5,93684.5,93600.0,93640.7,54.866,5137641.0347
746,2024-12-30 08:16:00,93692.1,93801.6,93692.1,93796.9,110.922,10399847.3042
747,2024-12-30 08:17:00,93690.4,93765.6,93690.3,93716.5,47.735,4474641.2294
748,2024-12-30 08:18:00,93800.6,93866.6,93800.6,93817.5,129.538,12155828.6863
749,2024-12-30 08:19:00,93738.6,93782.5,93707.3,93780.8,48.763,4571232.5306
750,2024-12-30 08:20:00,93739.6,93748.2,93630.7,93630.8,70.913,6643595.3778
751,2024-12-30 08:21:00,93595.9,93646.0,93577.5,93591.5,41.639,3897798.2129
752,2024-12-30 08:22:00,93565.6,93620.4,93558.6,93588.3,54.916,5139441.3523
753,2024-12-30 08:23:00,93544.0,93668.0,93544.0,93629.2,39.433,3690866.335
754,2024-12-30 08:24:00,93632.3,93663.2,93630.8,93644.0,19.369,1813798.2053
755,2024-12-30 08:25:00,93643.3,93651.1,93578.7,93604.3,56.244,5264872.0713
756,2024-12-30 08:26:00,93603.9,93670.2,93588.4,93588.8,45.899,4297767.6165
757,2024-12-30 08:27:00,93586.8,93650.0,93571.5,93632.5,22.882,2142199.8461
758,2024-12-30 08:28:00,93641.7,93641.7,93567.1,93605.7,28.741,2689944.9948
759,2024-12-30 08:30:00,93623.1,93623.1,93623.1,93623.1,0.006,561.7386
760,2024-12-30 08:31:00,93618.4,93628.3,93618.4,93628.2,0.337,31550.7778
761,2024-12-30 08:32:00,93581.0,93599.3,93581.0,93599.3,0.833,77960.211
762,2024-12-30 08:33:00,93620.7,93641.7,93606.7,93606.8,5.289,495185.3025
763,2024-12-30 08:34:00,93576.3,93604.3,93576.3,93604.3,1.565,146465.1769
764,2024-12-30 08:35:00,93632.0,93660.0,93618.3,93641.7,19.513,1827278.5052
765,2024-12-30 08:36:00,93553.2,93553.2,93513.2,93513.2,23.591,2206535.5068
766,2024-12-30 08:37:00,93520.0,93560.0,93510.9,93534.1,19.918,1862995.9853
767,2024-12-30 08:38:00,93511.3,93538.8,93502.1,93513.8,11.038,1032270.1363
768,2024-12-30 08:39:00,93506.8,93537.7,93501.3,93537.7,12.065,1128330.3145
769,2024-12-30 08:40:00,93566.8,93576.3,93521.1,93521.1,31.713,2966978.1081
770,2024-12-30 08:41:00,93493.6,93518.5,93469.7,93518.5,19.544,1827187.9263
771,2024-12-30 08:42:00,93491.9,93510.7,93480.0,93505.0,14.556,1360877.8898
772,2024-12-30 08:43:00,93504.1,93533.9,93501.3,93517.7,17.96,1679579.2068
773,2024-12-30 08:44:00,93544.8,93549.0,93525.9,93534.3,19.251,1800744.274
774,2024-12-30 08:45:00,93529.4,93548.9,93512.9,93548.9,30.839,2884500.1922
775,2024-12-30 08:46:00,93547.6,93560.0,93510.5,93524.8,41.697,3900284.3727
776,2024-12-30 08:47:00,93524.8,93559.9,93521.8,93543.4,36.619,3425657.0046
777,2024-12-30 08:48:00,93551.2,93559.9,93540.0,93554.3,18.101,1693361.2141
778,2024-12-30 08:49:00,93551.7,93572.4,93551.7,93562.1,45.733,4278907.0774
779,2024-12-30 08:50:00,93567.6,93567.6,93520.4,93540.4,35.584,3328606.8541
780,2024-12-30 08:51:00,93546.2,93599.5,93540.4,93592.7,77.496,7251647.3885
781,2024-12-30 08:52:00,93583.2,93594.9,93571.7,93576.3,59.144,5535015.1852
782,2024-12-30 08:54:00,93547.0,93547.1,93547.0,93547.1,0.055,5145.0855
783,2024-12-30 08:55:00,93530.5,93530.5,93530.4,93530.4,0.332,31052.1063
784,2024-12-30 08:56:00,93554.4,93554.4,93554.3,93554.4,0.289,27037.2213
785,2024-12-30 08:57:00,93506.6,93506.6,93477.9,93489.9,12.152,1136039.2996
786,2024-12-30 08:58:00,93492.6,93513.8,93492.6,93506.0,3.398,317734.4739
787,2024-12-30 08:59:00,93501.3,93533.0,93501.3,93521.0,11.844,1107557.7932
788,2024-12-30 09:00:00,93542.5,93560.6,93533.7,93535.6,18.733,1752427.7773
789,2024-12-30 09:01:00,93546.7,93557.4,93540.0,93540.0,12.272,1148016.6663
790,2024-12-30 09:02:00,93551.7,93596.0,93551.6,93591.9,58.354,5460782.1581
791,2024-12-30 09:03:00,93558.1,93563.4,93482.6,93482.6,48.335,4519666.7176
792,2024-12-30 09:04:00,93468.6,93468.6,93414.5,93426.1,79.818,7457406.2927
793,2024-12-30 09:05:00,93449.6,93482.6,93401.0,93401.1,39.885,3726295.6486
794,2024-12-30 09:06:00,93445.2,93482.8,93445.1,93468.6,39.944,3733470.6108
795,2024-12-30 09:07:00,93482.8,93601.6,93482.7,93579.7,100.256,9379833.1669
796,2024-12-30 09:08:00,93549.2,93599.6,93532.0,93549.2,75.533,7067680.5385
797,2024-12-30 09:09:00,93459.3,93510.7,93448.1,93510.6,21.45,2005027.3797
798,2024-12-30 09:10:00,93425.8,93461.8,93405.7,93461.7,35.099,3279277.7157
799,2024-12-30 09:11:00,93476.4,93515.3,93438.7,93448.4,34.457,3220886.8647
800,2024-12-30 09:12:00,93432.5,93449.9,93415.0,93445.4,17.142,1601644.3252
801,2024-12-30 09:13:00,93438.5,93438.5,93365.0,93375.1,58.757,5487414.1004
802,2024-12-30 09:14:00,93337.2,93378.7,93326.0,93373.8,49.821,4650471.1747
803,2024-12-30 09:15:00,93370.0,93449.8,93368.8,93411.1,47.551,4441870.4805
804,2024-12-30 09:16:00,93432.7,93551.2,93389.2,93529.4,74.816,6994007.1906
805,2024-12-30 09:17:00,93536.4,93571.0,93515.8,93515.9,74.178,6939237.8735
806,2024-12-30 09:18:00,93548.1,93643.8,93548.1,93626.2,83.334,7801020.3485
807,2024-12-30 09:19:00,93677.7,93777.0,93677.6,93755.9,285.379,26749683.2266
808,2024-12-30 09:20:00,93772.9,93835.3,93727.6,93811.6,175.981,16505242.7231
809,2024-12-30 09:21:00,93815.8,93829.9,93713.2,93819.7,183.605,17219934.776
810,2024-12-30 09:23:00,93800.1,93800.1,93793.5,93797.0,13.128,1231379.1045
811,2024-12-30 09:24:00,93816.6,93816.6,93786.7,93786.7,5.182,486044.1457
812,2024-12-30 09:25:00,93694.1,93704.0,93677.4,93677.4,12.673,1187340.2765
813,2024-12-30 09:26:00,93638.3,93638.3,93613.6,93632.3,5.497,514634.3941
814,2024-12-30 09:27:00,93838.4,93850.0,93816.2,93817.6,28.665,2689787.6919
815,2024-12-30 09:28:00,93769.2,93787.6,93769.1,93785.6,11.043,1035613.1533
816,2024-12-30 09:29:00,93793.0,93820.0,93760.0,93786.6,30.65,2874528.5225
817,2024-12-30 09:30:00,93824.2,93824.5,93715.7,93720.1,62.382,5850811.8138
818,2024-12-30 09:31:00,93816.9,93841.6,93794.7,93808.0,115.078,10797687.064
819,2024-12-30 09:32:00,93826.0,93827.5,93779.3,93780.2,43.923,4120250.3468
820,2024-12-30 09:33:00,93811.8,93814.7,93787.0,93814.7,19.529,1831879.412
821,2024-12-30 09:34:00,93800.3,93875.0,93800.3,93866.3,191.028,17926936.4985
822,2024-12-30 09:35:00,93925.2,93940.3,93900.0,93940.2,71.91,6753266.0449
823,2024-12-30 09:36:00,93954.7,94050.0,93908.9,94018.5,203.966,19172445.4778
824,2024-12-30 09:37:00,94040.8,94240.0,94035.0,94157.4,610.715,57504077.4106
825,2024-12-30 09:38:00,94176.9,94178.3,94068.7,94178.3,102.186,9619011.3143
826,2024-12-30 09:39:00,94152.1,94153.4,94000.7,94000.8,78.487,7383271.2945
827,2024-12-30 09:40:00,93951.3,94006.2,93927.5,93970.1,126.961,11929223.9411
828,2024-12-30 09:41:00,93970.2,93977.7,93805.1,93819.8,137.536,12912049.7216
829,2024-12-30 09:42:00,93890.1,93890.1,93763.0,93806.5,92.241,8652841.5628
830,2024-12-30 09:43:00,93833.1,93900.0,93795.9,93883.5,64.802,6081204.7582
831,2024-12-30 09:44:00,93825.7,93825.8,93739.9,93739.9,93.859,8801033.5747
832,2024-12-30 09:45:00,93736.6,93737.2,93588.6,93632.2,242.778,22733391.9881
833,2024-12-30 09:47:00,93445.2,93528.8,93443.9,93481.8,152.77,14281239.6395
834,2024-12-30 09:48:00,93454.7,93454.7,93445.2,93445.3,3.501,327172.5802
835,2024-12-30 09:49:00,93528.3,93528.3,93501.8,93511.6,13.706,1281619.1626
836,2024-12-30 09:50:00,93601.6,93632.8,93601.6,93632.6,17.333,1622679.9631
837,2024-12-30 09:51:00,93628.8,93635.9,93590.0,93590.0,16.87,1579372.8446
838,2024-12-30 09:52:00,93697.0,93725.9,93688.5,93725.9,26.728,2504612.4828
839,2024-12-30 09:53:00,93719.9,93770.8,93712.1,93770.8,16.968,1590680.9956
840,2024-12-30 09:54:00,93733.1,93787.0,93725.5,93762.0,19.577,1835526.8061
841,2024-12-30 09:55:00,93768.0,93780.0,93760.9,93773.4,11.948,1120423.0501
842,2024-12-30 09:56:00,93690.0,93748.3,93690.0,93748.0,20.316,1903834.6844
843,2024-12-30 09:57:00,93804.1,93845.7,93794.8,93829.1,36.767,3449437.9147
844,2024-12-30 09:58:00,93859.1,93882.0,93859.1,93866.7,16.064,1507970.1184
845,2024-12-30 09:59:00,93888.0,93911.5,93853.4,93853.7,62.845,5900119.4432
846,2024-12-30 10:00:00,93899.9,93918.0,93880.6,93899.4,59.128,5552323.0037
847,2024-12-30 10:01:00,93920.8,93927.7,93900.9,93927.6,45.898,4310573.5171
848,2024-12-30 10:02:00,93920.6,93920.6,93838.8,93853.7,61.409,5765291.7181
849,2024-12-30 10:03:00,93914.8,93914.8,93841.9,93880.1,44.586,4186305.6289
850,2024-12-30 10:04:00,93815.4,93850.0,93779.6,93850.0,65.958,6187467.6931
851,2024-12-30 10:05:00,93820.8,93820.9,93754.9,93766.4,29.686,2784563.0115
852,2024-12-30 10:06:00,93791.5,93808.3,93750.0,93750.0,30.222,2834098.4769
853,2024-12-30 10:07:00,93726.1,93740.6,93665.0,93719.0,62.309,5838662.5988
854,2024-12-30 10:08:00,93663.7,93707.2,93655.7,93686.5,53.044,4968569.4632
855,2024-12-30 10:09:00,93716.5,93726.1,93675.6,93697.4,28.412,2662346.8983
856,2024-12-30 10:11:00,93666.0,93666.1,93666.0,93666.1,0.085,7961.6155
857,2024-12-30 10:12:00,93673.9,93674.0,93673.9,93673.9,1.966,184162.9432
858,2024-12-30 10:13:00,93676.6,93688.4,93669.7,93688.4,3.061,286743.2307
859,2024-12-30 10:14:00,93632.8,93650.4,93609.8,93650.4,8.458,791869.2234
860,2024-12-30 10:15:00,93592.3,93592.3,93563.9,93574.5,11.733,1097906.2013
861,2024-12-30 10:16:00,93587.1,93587.1,93576.1,93576.2,5.375,503006.8149
862,2024-12-30 10:17:00,93537.4,93537.4,93492.0,93492.0,53.102,4966228.2151
863,2024-12-30 10:18:00,93537.0,93542.7,93443.2,93449.5,59.813,5591820.2028
864,2024-12-30 10:19:00,93452.9,93452.9,93442.4,93451.5,17.642,1648638.3029
865,2024-12-30 10:20:00,93454.1,93526.9,93454.0,93522.6,80.297,7506624.4089
866,2024-12-30 10:21:00,93429.3,93462.0,93388.0,93450.1,122.738,11466101.2083
867,2024-12-30 10:22:00,93431.2,93509.6,93431.1,93509.6,39.73,3713830.2691
868,2024-12-30 10:23:00,93542.6,93549.9,93472.0,93474.9,32.553,3044032.8348
869,2024-12-30 10:24:00,93482.8,93510.6,93470.0,93492.0,16.882,1578310.6577
870,2024-12-30 10:25:00,93482.6,93513.2,93469.9,93490.4,18.452,1725063.7052
871,2024-12-30 10:26:00,93500.0,93500.0,93469.6,93470.3,31.63,2956876.333
872,2024-12-30 10:27:00,93470.3,93470.3,93404.4,93445.9,48.45,4526999.5726
873,2024-12-30 10:28:00,93464.0,93497.0,93447.7,93447.8,63.854,5968566.3855
874,2024-12-30 10:30:00,93489.8,93489.8,93483.2,93488.5,2.362,220819.2447
875,2024-12-30 10:31:00,93487.3,93487.4,93479.6,93487.3,2.85,266425.6677
876,2024-12-30 10:32:00,93540.3,93545.0,93516.5,93544.9,5.835,545756.5351
877,2024-12-30 10:33:00,93470.0,93470.1,93451.7,93451.7,10.18,951450.205
878,2024-12-30 10:34:00,93421.6,93421.6,93380.7,93380.8,32.78,3061319.392
879,2024-12-30 10:35:00,93400.0,93432.0,93400.0,93400.7,12.45,1163085.8752
880,2024-12-30 10:36:00,93437.1,93514.9,93428.1,93514.9,27.564,2576569.156
881,2024-12-30 10:37:00,93480.0,93487.0,93438.0,93438.0,17.395,1625769.0151
882,2024-12-30 10:38:00,93495.2,93495.2,93454.5,93471.5,16.892,1578931.8132
883,2024-12-30 10:39:00,93477.4,93499.3,93457.4,93499.3,40.574,3792785.638
884,2024-12-30 10:40:00,93537.9,93580.0,93520.4,93520.5,22.068,2064437.8696
885,2024-12-30 10:41:00,93547.7,93552.2,93535.7,93546.0,9.306,870532.7193
886,2024-12-30 10:42:00,93585.4,93666.6,93580.6,93666.5,34.522,3232236.2402
887,2024-12-30 10:43:00,93609.3,93609.4,93555.5,93555.6,15.183,1420794.475
888,2024-12-30 10:44:00,93522.5,93550.6,93522.4,93550.5,13.933,1303188.6011
889,2024-12-30 10:45:00,93578.7,93622.9,93576.0,93609.5,17.571,1644704.9409
890,2024-12-30 10:46:00,93557.7,93557.7,93514.9,93533.9,36.067,3373412.8395
891,2024-12-30 10:47:00,93526.8,93578.7,93526.8,93544.0,25.17,2354706.0112
892,2024-12-30 10:48:00,93555.6,93665.0,93555.5,93664.9,19.59,1833871.8678
893,2024-12-30 10:49:00,93665.0,93725.4,93647.5,93718.0,89.486,8383227.4972
894,2024-12-30 10:50:00,93701.3,93707.2,93632.0,93657.2,35.919,3364289.3889
895,2024-12-30 10:51:00,93657.2,93679.1,93628.6,93679.1,27.63,2587746.6111
896,2024-12-30 10:52:00,93688.0,93705.2,93652.5,93705.2,58.584,5488169.712
897,2024-12-30 10:54:00,93705.4,93705.5,93689.6,93689.6,3.713,347912.3183
898,2024-12-30 10:55:00,93793.6,93797.0,93784.2,93796.8,12.155,1140063.2419
899,2024-12-30 10:56:00,93855.1,93870.4,93855.0,93870.3,4.547,426766.7585
900,2024-12-30 10:57:00,93803.2,93860.8,93803.2,93860.7,15.533,1457512.2505
901,2024-12-30 10:58:00,93851.0,93868.5,93839.3,93868.5,10.689,1003199.9721
902,2024-12-30 10:59:00,93870.8,93895.8,93849.5,93895.8,52.591,4937091.9802
903,2024-12-30 11:00:00,93869.7,93873.1,93850.0,93864.2,16.42,1541228.3129
904,2024-12-30 11:01:00,93835.7,93842.7,93803.0,93834.0,31.122,2919942.7991
905,2024-12-30 11:02:00,93743.2,93799.2,93743.2,93799.1,35.788,3356000.494
906,2024-12-30 11:03:00,93836.2,93841.7,93793.3,93806.9,67.4,6323428.6859
907,2024-12-30 11:04:00,93847.9,93929.3,93847.8,93929.2,93.787,8806148.4746
908,2024-12-30 11:05:00,93877.0,93964.4,93877.0,93964.4,82.611,7760908.0778
909,2024-12-30 11:06:00,94035.8,94044.7,94020.2,94036.1,89.347,8401663.1391
910,2024-12-30 11:07:00,94022.4,94031.9,94007.4,94031.8,68.292,6421060.262
911,2024-12-30 11:08:00,94011.1,94017.1,93993.8,93993.9,48.962,4602695.9419
912,2024-12-30 11:09:00,93993.9,93993.9,93931.2,93991.8,97.756,9185357.7779
913,2024-12-30 11:10:00,93991.9,93993.8,93953.4,93953.4,78.027,7333417.5066
914,2024-12-30 11:11:00,93949.2,93988.0,93934.1,93987.9,41.79,3926742.151
915,2024-12-30 11:12:00,93993.3,93993.7,93925.1,93934.8,68.16,6405412.5973
916,2024-12-30 11:14:00,93967.0,93967.0,93960.6,93960.6,6.19,581654.877
917,2024-12-30 11:15:00,93972.5,93986.2,93972.5,93986.2,5.76,541284.4036
918,2024-12-30 11:16:00,93979.3,93986.1,93979.3,93981.1,5.977,561743.2101
919,2024-12-30 11:17:00,93965.1,93965.1,93965.0,93965.1,2.713,254927.072
920,2024-12-30 11:18:00,93976.9,93976.9,93969.9,93970.0,4.311,405117.6283
921,2024-12-30 11:19:00,93987.2,93987.2,93976.5,93985.5,6.329,594813.6814
922,2024-12-30 11:20:00,93931.0,93932.3,93916.7,93932.3,9.618,903385.4853
923,2024-12-30 11:21:00,93985.4,93985.4,93960.5,93960.5,17.606,1654480.6505
924,2024-12-30 11:22:00,93913.6,93920.0,93875.4,93875.4,21.265,1996630.601
925,2024-12-30 11:23:00,93919.8,93919.8,93854.1,93855.5,17.146,1609673.0711
926,2024-12-30 11:24:00,93826.7,93826.7,93784.9,93785.0,27.945,2621283.6427
927,2024-12-30 11:25:00,93811.2,93893.3,93811.2,93893.2,29.848,2800892.9212
928,2024-12-30 11:26:00,93894.2,93894.2,93872.8,93890.3,9.986,937512.0267
929,2024-12-30 11:27:00,93838.3,93838.4,93829.1,93829.1,8.562,803406.5863
930,2024-12-30 11:28:00,93838.2,93871.8,93838.2,93871.4,21.366,2005457.4079
931,2024-12-30 11:29:00,93835.9,93871.8,93835.9,93856.4,31.694,2975058.4758
932,2024-12-30 11:30:00,93849.8,93871.2,93833.3,93833.3,29.796,2796665.9065
933,2024-12-30 11:31:00,93817.2,93824.5,93767.6,93767.7,39.165,3673761.8949
934,2024-12-30 11:32:00,93752.0,93757.1,93728.0,93746.8,53.099,4977608.9926
935,2024-12-30 11:33:00,93776.0,93841.8,93755.9,93815.0,32.219,3021971.2199
936,2024-12-30 11:34:00,93827.7,93827.7,93779.9,93784.6,9.226,865346.1064
937,2024-12-30 11:35:00,93791.9,93800.0,93761.6,93793.2,21.739,2038915.2837
938,2024-12-30 11:36:00,93767.2,93771.4,93709.9,93739.9,21.216,1988869.5279
939,2024-12-30 11:37:00,93740.0,93750.9,93708.1,93744.4,25.614,2400746.0367
940,2024-12-30 11:39:00,93720.0,93720.0,93711.8,93711.9,0.484,45359.833
941,2024-12-30 11:40:00,93700.0,93754.5,93700.0,93754.5,16.295,1527231.1331
942,2024-12-30 11:41:00,93744.5,93749.3,93714.4,93714.5,8.169,765679.0308
943,2024-12-30 11:42:00,93718.6,93721.2,93705.0,93705.1,7.407,694148.8361
944,2024-12-30 11:43:00,93713.6,93737.0,93709.1,93721.8,8.933,837248.8139
945,2024-12-30 11:44:00,93714.9,93722.9,93714.9,93722.8,25.1,2352345.0664
946,2024-12-30 11:45:00,93722.8,93762.9,93687.8,93711.8,43.718,4096943.3773
947,2024-12-30 11:47:00,93776.4,93784.8,93776.4,93784.8,2.557,239791.7074
948,2024-12-30 11:48:00,93727.6,93727.6,93717.7,93717.7,2.114,198126.7196
949,2024-12-30 11:49:00,93729.6,93763.8,93716.8,93763.8,3.375,316352.573
950,2024-12-30 11:50:00,93737.6,93758.0,93721.2,93721.2,8.679,813652.2507
951,2024-12-30 11:51:00,93744.2,93784.7,93744.2,93763.6,10.139,950700.3112
952,2024-12-30 11:52:00,93730.8,93730.9,93700.1,93707.4,10.031,940015.3959
953,2024-12-30 11:53:00,93709.9,93710.0,93687.8,93687.8,12.47,1168417.2656
954,2024-12-30 11:54:00,93655.0,93666.0,93629.2,93661.9,46.301,4335992.8529
955,2024-12-30 11:55:00,93671.7,93679.2,93660.3,93660.3,9.168,858791.7462
956,2024-12-30 11:56:00,93660.3,93660.4,93615.0,93627.6,30.433,2849535.1878
957,2024-12-30 11:57:00,93645.5,93679.2,93645.5,93668.4,19.69,1844223.2963
958,2024-12-30 11:58:00,93660.0,93699.2,93660.0,93699.1,11.266,1055334.4216
959,2024-12-30 11:59:00,93699.1,93723.2,93697.7,93697.8,22.778,2134521.8678
960,2024-12-30 12:00:00,93680.8,93704.8,93652.8,93655.3,60.43,5661234.2412
961,2024-12-30 12:02:00,93757.2,93757.2,93740.1,93740.2,6.547,613744.7973
962,2024-12-30 12:03:00,93725.9,93725.9,93700.3,93700.3,10.166,952596.2401
963,2024-12-30 12:04:00,93651.3,93651.3,93650.0,93650.0,2.487,232907.6228
964,2024-12-30 12:05:00,93665.0,93665.0,93646.1,93646.1,5.958,558036.1908
965,2024-12-30 12:06:00,93699.9,93718.0,93674.3,93717.4,12.129,1136509.2119
966,2024-12-30 12:07:00,93752.9,93766.6,93752.9,93766.6,6.183,579724.3378
967,2024-12-30 12:08:00,93750.1,93764.5,93750.0,93764.5,8.251,773625.6228
968,2024-12-30 12:09:00,93852.9,93860.3,93817.6,93817.7,35.544,3335802.2832
969,2024-12-30 12:10:00,93836.6,93845.2,93794.0,93817.5,20.216,1896516.3537
970,2024-12-30 12:11:00,93850.1,93860.3,93817.5,93860.2,21.35,2003631.2354
971,2024-12-30 12:12:00,93883.2,93946.0,93883.1,93909.6,186.442,17509376.9593
972,2024-12-30 12:14:00,93789.2,93802.0,93778.6,93801.9,16.133,1513008.4504
973,2024-12-30 12:15:00,93782.1,93805.5,93773.1,93779.6,10.112,948333.7256
974,2024-12-30 12:16:00,93742.0,93763.4,93722.1,93722.1,9.231,865268.8245
975,2024-12-30 12:17:00,93749.3,93749.3,93710.7,93747.5,19.385,1817039.9741
976,2024-12-30 12:18:00,93730.3,93730.3,93704.0,93704.0,6.771,634525.8388
977,2024-12-30 12:19:00,93692.3,93716.5,93691.3,93716.4,14.11,1322088.9041
978,2024-12-30 12:20:00,93724.7,93758.4,93716.5,93716.6,13.644,1278989.2683
979,2024-12-30 12:21:00,93700.4,93700.4,93668.4,93668.5,20.113,1884251.1855
980,2024-12-30 12:22:00,93696.8,93699.9,93671.6,93671.7,18.547,1737664.5231
981,2024-12-30 12:23:00,93671.7,93671.7,93655.5,93658.8,23.286,2180988.2904
982,2024-12-30 12:24:00,93658.7,93658.8,93605.6,93605.7,63.598,5954715.8639
983,2024-12-30 12:25:00,93608.8,93608.9,93580.5,93580.5,65.349,6116207.7775
984,2024-12-30 12:26:00,93538.3,93538.6,93480.9,93529.2,136.421,12756700.2691
985,2024-12-30 12:27:00,93544.0,93544.0,93451.8,93451.9,68.098,6366382.9714
986,2024-12-30 12:28:00,93462.6,93462.6,93406.0,93442.4,120.181,11228284.4713
987,2024-12-30 12:29:00,93441.6,93533.4,93437.1,93516.6,113.758,10635428.8027
988,2024-12-30 12:31:00,93518.8,93518.8,93518.8,93518.8,0.022,2057.4136
989,2024-12-30 12:32:00,93506.1,93506.2,93506.1,93506.1,0.006,561.0368
990,2024-12-30 12:33:00,93495.2,93507.5,93495.1,93507.5,13.19,1233208.3104
991,2024-12-30 12:34:00,93500.0,93525.0,93496.5,93510.9,7.518,702957.124
992,2024-12-30 12:55:00,93392.5,93419.5,93354.4,93374.7,122.747,11462668.8196
993,2024-12-30 12:56:00,93374.7,93381.0,93332.1,93341.8,82.1,7663799.0085
994,2024-12-30 12:57:00,93341.7,93350.0,93261.8,93300.0,282.468,26353570.3115
995,2024-12-30 12:58:00,93300.1,93300.1,93228.1,93280.1,144.637,13487836.4338
996,2024-12-30 12:59:00,93280.0,93280.1,93228.6,93234.5,83.199,7758627.4735
997,2024-12-30 13:00:00,93234.5,93295.0,93222.7,93222.8,106.103,9894829.7971
998,2024-12-30 13:01:00,93222.7,93276.3,93208.0,93208.1,145.53,13568182.4135
999,2024-12-30 13:02:00,93208.0,93251.1,93208.0,93238.3,72.947,6800847.6631
1000,2024-12-30 13:03:00,93238.3,93282.3,93238.3,93280.8,87.279,8139857.8548
1001,2024-12-30 13:04:00,93280.8,93306.1,93280.8,93294.1,58.963,5501131.6508
1002,2024-12-30 13:05:00,93294.1,93339.2,93277.9,93330.1,103.671,9673840.1576
1003,2024-12-30 13:06:00,93330.0,93350.0,93300.0,93300.0,54.746,5109138.2346
1004,2024-12-30 13:07:00,93300.0,93349.9,93293.1,93321.5,38.289,3572822.2004
1005,2024-12-30 13:08:00,93321.4,93376.5,93307.4,93348.8,68.353,6379956.7439
1006,2024-12-30 13:09:00,93348.9,93360.6,93348.8,93352.4,3.93,366880.3388
1007,2024-12-30 13:10:00,93406.0,93432.2,93376.1,93391.2,33.428,3122206.8825
1008,2024-12-30 13:11:00,93411.6,93411.6,93383.0,93383.0,19.554,1826170.9152
1009,2024-12-30 13:12:00,93362.0,93386.1,93350.0,93386.0,31.738,2963314.0159
1010,2024-12-30 13:14:00,93386.0,93386.1,93382.0,93382.1,1.1,102723.6686
1011,2024-12-30 13:15:00,93382.7,93382.7,93375.0,93375.1,11.738,1096107.2784
1012,2024-12-30 13:16:00,93421.1,93459.0,93421.0,93459.0,7.738,723051.3919
1013,2024-12-30 13:17:00,93415.9,93439.3,93415.8,93431.1,12.517,1169460.6372
1014,2024-12-30 13:18:00,93380.1,93388.7,93302.7,93302.8,47.58,4441749.4032
1015,2024-12-30 13:19:00,93279.9,93280.0,93240.0,93271.6,55.332,5160241.387
1016,2024-12-30 13:20:00,93263.2,93308.6,93255.5,93307.4,32.961,3074543.2312
1017,2024-12-30 13:23:00,93338.4,93338.4,93302.8,93302.9,27.432,2559843.4152
1018,2024-12-30 13:25:00,93250.7,93250.7,93223.8,93223.9,6.973,650130.3049
1019,2024-12-30 13:26:00,93250.1,93269.7,93243.0,93248.7,8.177,762529.0257
1020,2024-12-30 13:27:00,93228.8,93228.9,93209.9,93209.9,23.102,2153482.4709
1021,2024-12-30 13:29:00,93211.7,93222.3,93201.8,93208.6,17.408,1622619.0638
1022,2024-12-30 13:30:00,93201.6,93243.1,93201.6,93224.7,31.526,2938878.4167
1023,2024-12-30 13:31:00,93256.3,93351.8,93254.2,93343.7,175.869,16410819.3969
1024,2024-12-30 13:32:00,93321.7,93322.4,93269.9,93269.9,41.277,3851165.9018
1025,2024-12-30 13:34:00,93230.3,93302.9,93230.3,93302.9,14.149,1319463.987
1026,2024-12-30 13:35:00,93263.4,93369.0,93253.7,93353.8,64.787,6045710.961
1027,2024-12-30 13:38:00,93276.3,93305.3,93250.0,93250.1,21.937,2046141.5412
1028,2024-12-30 13:41:00,93332.9,93369.8,93332.9,93369.8,11.517,1075151.832
1029,2024-12-30 13:42:00,93371.2,93400.0,93371.1,93393.7,39.818,3718741.9027
1030,2024-12-30 13:43:00,93429.9,93439.6,93401.4,93401.5,30.658,2864136.4307
1031,2024-12-30 13:44:00,93404.8,93412.0,93350.0,93380.0,20.891,1950660.4923
1032,2024-12-30 13:45:00,93378.1,93431.0,93355.8,93431.0,28.907,2699745.1343
1033,2024-12-30 13:46:00,93437.5,93499.8,93432.1,93485.2,45.286,4232756.8944
1034,2024-12-30 13:48:00,93425.3,93425.3,93425.2,93425.2,1.233,115193.3936
1035,2024-12-30 13:49:00,93415.3,93420.7,93393.7,93393.7,5.651,527830.3046
1036,2024-12-30 13:52:00,93459.9,93482.5,93450.0,93482.4,14.883,1391079.2598
1037,2024-12-30 13:53:00,93484.8,93503.7,93468.5,93503.7,28.753,2687937.023
1038,2024-12-30 13:54:00,93500.0,93524.4,93500.0,93500.2,32.765,3063944.9279
1039,2024-12-30 13:55:00,93500.1,93500.1,93445.5,93445.5,25.087,2344622.228
1040,2024-12-30 13:56:00,93449.9,93450.0,93432.2,93445.6,15.742,1470938.015
1041,2024-12-30 13:58:00,93506.9,93524.5,93505.7,93505.7,7.167,670241.0802
